5.217143638367010006e+00 1.011962306437563519e-01 8.509960626233105785e+00
4.817062506248600329e+00 1.889605221059502405e-01 1.683247185151060421e+01
5.277737121154338240e+00 1.394399962882694743e-01 1.092890154357896471e+01
4.528673427609001934e+00 2.507925036488655168e-01 2.329271455968837046e+01
4.650971307974926638e+00 2.242859893121318671e-01 2.046532008169626238e+01
4.884133336381866641e+00 1.847548693239655093e-01 1.624295250107416066e+01
4.574782073766217927e+00 2.477015437976040069e-01 2.279364049601614539e+01
5.121167077477965179e+00 1.803513826703330991e-01 1.443014751550934704e+01
4.998976119169839194e+00 2.082164567964912838e-01 1.694651107455676708e+01
5.263166801197066036e+00 1.424264888746076541e-01 1.118656854601431050e+01
5.007866586153011390e+00 2.039254958735877143e-01 1.658591098201407732e+01
5.183525312394658080e+00 1.113858351725131590e-01 9.404616011800989384e+00
5.027992192135275040e+00 1.491545856273065462e-01 1.286169508698910136e+01
4.640166472768985528e+00 2.263553892168305437e-01 2.068786267284962577e+01
4.986291083308321603e+00 1.604676785944049999e-01 1.391099419000198267e+01
5.249070083387792351e+00 1.445290557838997958e-01 1.137859327105807594e+01
5.073651756432602689e+00 1.375044262448728294e-01 1.178577683789145425e+01
4.725401178871237562e+00 2.136960588057949806e-01 1.925089953984678459e+01
5.222406055779856615e+00 1.004121295717467083e-01 8.436862728984309001e+00
4.973476122722873427e+00 1.591290316755068213e-01 1.383675289284823684e+01
4.989990375154627955e+00 1.577605681176471875e-01 1.367604256173950006e+01
5.110411575573918341e+00 1.299079442135911977e-01 1.107562435139761803e+01
5.314461905203813785e+00 1.303272778033010282e-01 1.016443037631358770e+01
4.985093384760017621e+00 1.570891042116913938e-01 1.363513940773490241e+01
4.773174045896713125e+00 1.975502592267034119e-01 1.771317460449844461e+01
5.146544053189655799e+00 1.221160985458812909e-01 1.035787139975027138e+01
4.512802858515514437e+00 2.577062307309143652e-01 2.396487879343386496e+01
5.249675874449015289e+00 1.464970429248034778e-01 1.152514752991656621e+01
4.947411869356486136e+00 1.666538912260872030e-01 1.453812427452214529e+01
5.284879875197613153e+00 1.378567079425466468e-01 1.079381026908487407e+01
5.035467972019159077e+00 1.999922403853861830e-01 1.619366602816937828e+01
5.314274651894032253e+00 1.301317191541307983e-01 1.014991983641661477e+01
5.330854009658014370e+00 1.254074289106065498e-01 9.761134093608321294e+00
5.033813946320383259e+00 1.476385631802402953e-01 1.272135647820489623e+01
5.100577422180800902e+00 1.287778579481788643e-01 1.100472486810819106e+01
5.294149792830350698e+00 1.375497384195144834e-01 1.075135953172346248e+01
4.982411048666874898e+00 1.572913698835912977e-01 1.365958604172614699e+01
4.862238212362239409e+00 1.877772441113087776e-01 1.656929611875964525e+01
4.963954047739417064e+00 1.617577588790602705e-01 1.408244820239541362e+01
4.967858589820649762e+00 1.630619842805902386e-01 1.417880063309298677e+01
5.122438412013249120e+00 1.245796502355547980e-01 1.061058350180993415e+01
4.887045276781133651e+00 1.818782983560602307e-01 1.599294753893114063e+01
4.943507629492420286e+00 1.692281471146414029e-01 1.476250427120202602e+01
4.813859568527856680e+00 1.983367564806542693e-01 1.762223253286300917e+01
5.184812797578192800e+00 1.631888637214673476e-01 1.294885712414539825e+01
4.651089020110834582e+00 2.774061407768756427e-01 2.378864188461247764e+01
5.023420605713229570e+00 1.471942364912571799e-01 1.271203123629884146e+01
5.434891841886766883e+00 9.813282216371806144e-02 7.535055968375155011e+00
4.922032859260365711e+00 2.238769584126206469e-01 1.842782752048514539e+01
4.820715693426963711e+00 1.903011821871599396e-01 1.692483060452027743e+01
5.035555706569383894e+00 1.471949600383969381e-01 1.268008772031180698e+01
4.942935520462858001e+00 1.696281728570862846e-01 1.479761799320075610e+01
5.284615347818117925e+00 8.476054689506511142e-02 7.063168124056289798e+00
4.915464366806240548e+00 1.722422147461795672e-01 1.509974938592823257e+01
4.922119858840556361e+00 1.711939918916295655e-01 1.499193104754713701e+01
5.217143638367010006e+00 1.011962306437563519e-01 8.509960626233107561e+00
5.075830185616530876e+00 1.891094287926254336e-01 1.523288579818270350e+01
5.227835864914379016e+00 9.910517851362937725e-02 8.321113029069108435e+00
5.180281170380018452e+00 1.109316135541111720e-01 9.373366497531240071e+00
4.520432666023577184e+00 3.043525647990903971e-01 2.660684690827306298e+01
5.094206458590170961e+00 1.292895426786130342e-01 1.106121397401680539e+01
4.748945747357854685e+00 2.102732245876200445e-01 1.886980490749914452e+01
5.035209949744526625e+00 1.439490844679107706e-01 1.241338401917473533e+01
4.829496411112428333e+00 1.919889227679492660e-01 1.703503602644256887e+01
4.944153898474910491e+00 2.210789596007044500e-01 1.812962744568319096e+01
4.865828831643470131e+00 1.864713534095170377e-01 1.644782195445362660e+01
4.840201604508701294e+00 1.914123550421313602e-01 1.694865097401006082e+01
5.299724679039639064e+00 1.342783195067707158e-01 1.049250740617459066e+01
5.219886300285038416e+00 9.860332581521701056e-02 8.293888354074930191e+00
5.218178720924107061e+00 1.523976582945328617e-01 1.204712193679672971e+01
5.247278119862742507e+00 1.479634989620614849e-01 1.164145540834997661e+01
4.849349828605852508e+00 1.890979666837841466e-01 1.672325389007338003e+01
4.867573990410472007e+00 1.848790754419521731e-01 1.630876930577142048e+01
5.491330975365567468e+00 8.231473729102596615e-02 6.275582576803888202e+00
4.851486525586771847e+00 1.896678825295210757e-01 1.676518731299127296e+01
4.960861731633965377e+00 1.653003108183101755e-01 1.438486320295867849e+01
4.661092481136307697e+00 2.231656741908095987e-01 2.032822959863240087e+01
4.859559456288427448e+00 1.793682620928983007e-01 1.588289501997943631e+01
4.836492248244613101e+00 1.926353077231906796e-01 1.706470423747418508e+01
4.662239502027614613e+00 2.218122412466413118e-01 2.020909410903571413e+01
5.279354517865127328e+00 1.399429185076184468e-01 1.096354593510472952e+01
4.847446772541598392e+00 2.383597454571635132e-01 1.984191757978195980e+01
5.132592197536983036e+00 1.207875661548689222e-01 1.027792943617736121e+01
5.036885575096661682e+00 1.427142492286573583e-01 1.230675962949142921e+01
5.149979068491335354e+00 1.160950864594250398e-01 9.856658927252958335e+00
4.968361029878654911e+00 1.643305734773171101e-01 1.428281721176784735e+01
4.968409001014975956e+00 1.597328777452160786e-01 1.390134708699057953e+01
5.012147470745146549e+00 2.023719576739686499e-01 1.645347844975411178e+01
4.922825460075083370e+00 1.756971237938732000e-01 1.536437567730536990e+01
5.117106562758404031e+00 1.820648175820320513e-01 1.457118376312241104e+01
4.736662229153275838e+00 2.119533169038670950e-01 1.905938239694671310e+01
4.858620467764492190e+00 1.779268054395145848e-01 1.576437004880569148e+01
5.089709836264509235e+00 1.337660187579942095e-01 1.143998195975268928e+01
4.780789028207884428e+00 2.081779766785082919e-01 1.856955023805209848e+01
5.003144621005061410e+00 1.505490699268606514e-01 1.304464091173772644e+01
5.036204393563643578e+00 1.471826126436023563e-01 1.267748529650910427e+01
4.933049264457219252e+00 1.705934594430943696e-01 1.490764874957213593e+01
5.068959795036907856e+00 1.366394273709312657e-01 1.172614809864423435e+01
5.091423342477880531e+00 1.872562317123685482e-01 1.504294086476092751e+01
4.777582550748334711e+00 2.074620388985715380e-01 1.852298234990922055e+01
5.246122395154300122e+00 9.383422379212445763e-02 7.860732473792149122e+00
5.016480546570592836e+00 1.489478287531747769e-01 1.287528863700503479e+01
5.210659898148060520e+00 1.019681399401757838e-01 8.584331900986457597e+00
4.714724962665570729e+00 2.174635650943333165e-01 1.961199109213941227e+01
4.942762796408116444e+00 2.192663285975987031e-01 1.799660164577440113e+01
4.856433168140250167e+00 1.887638786142479264e-01 1.667213210918028210e+01
4.400569735375679414e+00 2.765838423231635201e-01 2.618522401183421167e+01
5.005549683656114190e+00 1.544764959849475039e-01 1.336213761166136926e+01
4.911708874896975274e+00 2.252060277049209025e-01 1.856913235299201048e+01
4.929589673664198202e+00 1.729559279400780802e-01 1.511715114575275010e+01
5.282657103137597510e+00 8.350273981209756224e-02 6.963478251380816886e+00
5.299583115484600704e+00 1.306056078709488255e-01 1.021592776592053298e+01
4.870485873260164134e+00 1.864438042005098495e-01 1.642845429490112963e+01
4.883874939106345181e+00 1.844766964826819455e-01 1.622073863088840540e+01
5.090991826544883025e+00 1.343411193188189801e-01 1.148446196250431051e+01
4.950474793946960439e+00 1.677445834329491237e-01 1.461866192271300058e+01
4.981586267762848408e+00 2.111402664190194511e-01 1.723056524298950265e+01
5.182449794441031266e+00 1.080117271591452544e-01 9.130595714918312567e+00
4.863528151291612645e+00 1.867781520882701995e-01 1.648168406049027368e+01
4.933893433816203711e+00 2.221458558280169915e-01 1.825098496195280617e+01
5.072283155496122298e+00 1.363128456255748300e-01 1.169149695352311014e+01
4.641045308465884922e+00 2.271582364547111155e-01 2.075280963937099443e+01
4.729533328830387795e+00 2.077281478971128303e-01 1.873928464557828022e+01
5.076008213638803390e+00 1.348596625621130973e-01 1.156260880300070149e+01
4.719482958393082406e+00 2.146543155304742045e-01 1.935693233578035333e+01
4.922607591977167019e+00 1.717810558202188809e-01 1.503952877849115666e+01
5.281209794131809687e+00 8.614849652475783937e-02 7.181190676528250272e+00
5.221350938900716443e+00 1.536144516816319028e-01 1.213074342679047390e+01
5.125670989650075171e+00 1.230386678855049376e-01 1.047776398472979054e+01
4.492748945793650250e+00 2.571327812135174029e-01 2.401862148388530471e+01
4.832954987332802155e+00 1.919538111539723646e-01 1.701890344450977111e+01
4.740303024633756301e+00 2.027716409133591968e-01 1.827872311223559620e+01
4.962168311375688923e+00 1.665454541485109907e-01 1.448492964547725492e+01
4.764424968864085841e+00 2.092855148598174730e-01 1.872550256671848246e+01
5.098943448535908196e+00 1.725767310891959672e-01 1.390505047928864357e+01
5.166803045931236404e+00 1.709645908245233936e-01 1.358843287724081961e+01
4.293817540376302588e+00 2.957401890535900080e-01 2.846806867254055362e+01
5.059170374168498796e+00 1.949059845206412567e-01 1.572872427173284393e+01
4.871969535657577843e+00 2.382511347551722614e-01 1.973612116349290346e+01
4.987184152092208222e+00 1.541425393947383760e-01 1.338582218317667483e+01
4.983210984512102648e+00 1.580054854880975912e-01 1.371672448689786528e+01
4.915391161775206186e+00 1.703804191867934748e-01 1.494559828965175718e+01
4.825659600126726900e+00 1.951544968159544535e-01 1.731330185048042836e+01
5.079930881298997392e+00 1.344769041754557415e-01 1.152200799653073560e+01
5.210324133390495938e+00 1.563706545159660177e-01 1.236660836658898255e+01
5.041671136811816112e+00 1.425412160716588439e-01 1.228044626561240982e+01
5.029862246431924255e+00 1.477291790568714125e-01 1.274017213393864090e+01
5.191109467061512994e+00 1.637426588536721739e-01 1.297501527880907091e+01
5.068327240728768501e+00 1.381072913645663980e-01 1.184798770943791979e+01
4.985261054041916218e+00 1.577440778605326832e-01 1.368909372208359798e+01
5.293874026412595413e+00 1.349919956102554053e-01 1.055856819078314857e+01
4.850434748530141782e+00 1.895205798818620779e-01 1.675512276685642377e+01
4.712684640607888831e+00 2.208414108889082406e-01 1.990573582472177350e+01
4.755824594365088309e+00 2.557344346374093025e-01 2.159446324705064768e+01
5.011600935178773142e+00 1.524700487752449762e-01 1.317926616529337736e+01
4.979396957576412319e+00 1.614536967224292352e-01 1.401233285464483735e+01
4.978307882687489361e+00 1.620261382090937841e-01 1.406267833401675205e+01
4.883434429503782148e+00 1.827496694858950776e-01 1.607879861809767164e+01
4.713586498917329948e+00 2.195922663392108620e-01 1.979748095021725263e+01
5.180496300151316902e+00 1.614847804982662005e-01 1.283087264815670459e+01
5.116483181085977883e+00 1.278220139633257924e-01 1.089044004652640396e+01
5.256191697919377681e+00 1.429911192846072820e-01 1.124564456101625254e+01
5.096131190472808825e+00 1.319629990760801952e-01 1.127669715815565610e+01
4.983495894271515070e+00 2.125595734810047099e-01 1.733242621393421601e+01
5.136737435650137407e+00 1.732350209764621785e-01 1.384259975470501658e+01
5.323073312351924713e+00 1.272510012310216210e-01 9.915190175623555646e+00
5.098731937482670062e+00 1.308495405229987141e-01 1.117885468242584679e+01
4.968087089441636017e+00 1.609473670246930055e-01 1.400325259363044061e+01
4.878121222143709801e+00 2.288413094046967133e-01 1.898927267098109084e+01
5.257176913568045507e+00 1.461120563331309852e-01 1.147922673659789439e+01
4.922528868869050278e+00 1.726789023092727970e-01 1.511511926395406746e+01
4.905149891447815769e+00 2.285026070572342693e-01 1.884829204788284329e+01
4.973749347829834022e+00 1.609648595066598964e-01 1.398924829081905941e+01
5.019823504846471884e+00 1.515115719122386018e-01 1.307825037963114667e+01
4.658606626747915591e+00 2.229502257234611262e-01 2.031897895744089055e+01
4.941664698230810338e+00 2.234943783099189452e-01 1.832368787252272213e+01
4.920170326249038162e+00 2.270290643432800737e-01 1.867793053668638237e+01
4.829298655081704084e+00 1.937727423385522119e-01 1.718479534893772609e+01
4.701044034889354961e+00 2.208687928132786749e-01 1.995612859597942546e+01
4.873539448132355290e+00 2.401013913820387036e-01 1.987282028765056552e+01
4.424440192592336452e+00 2.769777746850430322e-01 2.607251313263807546e+01
5.043649962194987069e+00 1.440655107386169809e-01 1.240217022439638939e+01
5.085687581264663137e+00 1.351496540301906635e-01 1.156341580590791018e+01
4.894286229149057199e+00 1.829447368079552827e-01 1.605965676305948264e+01
5.078501711969368948e+00 1.374633361004099774e-01 1.177122512144850930e+01
4.995886866805274273e+00 1.552917181041068573e-01 1.345562782067153407e+01
4.714647124202794082e+00 2.184259506976227450e-01 1.969467664269511786e+01
5.106708272343007948e+00 1.808519362763429950e-01 1.450939268271037541e+01
4.928058056488480609e+00 1.747909504002756187e-01 1.527282499795095916e+01
5.395397452052264953e+00 1.080187616455783040e-01 8.338007330053017085e+00
5.156735841711223678e+00 1.174401679540440641e-01 9.953025429100581079e+00
4.929743288923842393e+00 1.702890063097452777e-01 1.489355523216292987e+01
4.970234258885703582e+00 1.592390837646741886e-01 1.385502984580989860e+01
4.943461822014054263e+00 2.214982187626851895e-01 1.816492989170898653e+01
5.013510136908012171e+00 1.510724943861651570e-01 1.305821696999029058e+01
5.254846177999927370e+00 1.470198865874692562e-01 1.155312962575255575e+01
5.047852543440770390e+00 1.422928859980966410e-01 1.224465866459172503e+01
5.230480193574031489e+00 1.532029258045559950e-01 1.207833653616776282e+01
4.993847560071319691e+00 1.577059490576580292e-01 1.366202357921338972e+01
5.322876569517053014e+00 1.268053373634560610e-01 9.882033341854141284e+00
4.995472028138180143e+00 2.080191691983680480e-01 1.694233930767079244e+01
4.990706407434538860e+00 1.553078337520063801e-01 1.347196889501444872e+01
5.262726535076218681e+00 9.067473863610375773e-02 7.577200119445874904e+00
4.881744440457512546e+00 1.815958528321281185e-01 1.598765885733630299e+01
5.157901735450698411e+00 1.173177231944380894e-01 9.940703794164775786e+00
4.857800484820899989e+00 1.835480797939166575e-01 1.623088015258424832e+01
4.772611407791329974e+00 2.605366456989147150e-01 2.188615480603678165e+01
4.647952975642072992e+00 2.260299565928836907e-01 2.062798171016941495e+01
4.917634215806839570e+00 1.757690686027493787e-01 1.538771076033461682e+01
4.575054505498932222e+00 2.406858565613117229e-01 2.220478931394965016e+01
5.320210808628054622e+00 1.284397208397163870e-01 1.001077251272086421e+01
4.971079861401281441e+00 2.153506293902673618e-01 1.759215803088477514e+01
5.002877439770356816e+00 1.552749159225036424e-01 1.343504371171196965e+01
5.185009557792114698e+00 1.103058202127035758e-01 9.313348324695621017e+00
4.971369525173002124e+00 1.613130201224293736e-01 1.402358128490191014e+01
5.094342531435815502e+00 1.326588387464789076e-01 1.133781564981349277e+01
5.217693482558573237e+00 1.000030325417251981e-01 8.411430364252174385e+00
4.724886252502282780e+00 2.078154219924487622e-01 1.876438355556888382e+01
4.879169934382064255e+00 1.800568696927712653e-01 1.586824565248953967e+01
4.979458345381797102e+00 1.601098754562755855e-01 1.390067489411208612e+01
5.035902318601196193e+00 2.010488877719033285e-01 1.627428667492946346e+01
5.036275328730544842e+00 1.488937105710181896e-01 1.281864739715753032e+01
4.952834063214711868e+00 2.198147065239240971e-01 1.800150506949869467e+01
5.027549892548762500e+00 1.467238737972580143e-01 1.266264626063223453e+01
5.123140743238575823e+00 1.253454717767598925e-01 1.067196951442583597e+01
5.082319670504296560e+00 1.348476081768449630e-01 1.154601952832882183e+01
4.642244779940646993e+00 2.354912873287578479e-01 2.144751286656036626e+01
5.092259136941211572e+00 1.334848894652479467e-01 1.141082815213393964e+01
4.411515838250625876e+00 2.773678726500467540e-01 2.619218568728042129e+01
4.698844078369432964e+00 2.208012281468296756e-01 1.996014713738832569e+01
5.299788888162280998e+00 1.324971980246864023e-01 1.035772719478348058e+01
5.083963622305615715e+00 1.358530353240864630e-01 1.162564969777305457e+01
5.157454273161894420e+00 1.181367279564414369e-01 1.000868172415002633e+01
4.933105433729247480e+00 1.731067168426527747e-01 1.511741859077151418e+01
5.346955862431981288e+00 1.218807151441765879e-01 9.465151619550770334e+00
5.127890000257306014e+00 1.737766121247817652e-01 1.390828067195617557e+01
5.263494318607158107e+00 1.430590079777125934e-01 1.123399897273365688e+01
4.805329148865530087e+00 2.398816563001842650e-01 2.014175949427094992e+01
5.198559047246232190e+00 1.598179063850744819e-01 1.265804245977786557e+01
4.927410302383577800e+00 1.752715171199031863e-01 1.531488792094000928e+01
5.041887825127452594e+00 1.438413211971044381e-01 1.238655276092494617e+01
4.573060575013490947e+00 3.040447106483158968e-01 2.628187101082986388e+01
4.828578109365251336e+00 2.452608125316104448e-01 2.045425331848531414e+01
5.294837309186060992e+00 1.320183923935909498e-01 1.033235335264352805e+01
4.675922683816344794e+00 2.277640452801759363e-01 2.064335806517766514e+01
4.657429773198985323e+00 2.775806425587138970e-01 2.377017689847292914e+01
5.119674032724010004e+00 1.818620321512096349e-01 1.454791203564855628e+01
5.302293267315063119e+00 1.334222694666364339e-01 1.042247495401811541e+01
5.055966904962483355e+00 1.429721783908023403e-01 1.228024557875943401e+01
5.189356292338827004e+00 1.075539115379302857e-01 9.079775814655935307e+00
5.119159388996492588e+00 1.802323157940103060e-01 1.442554966000758832e+01
5.008774209430698399e+00 1.548484046723188623e-01 1.338428025908816821e+01
4.986464668280421009e+00 2.112669282989239339e-01 1.722384978401168354e+01
4.906093268458537437e+00 2.280209275883485764e-01 1.880899708337637222e+01
5.385217594616456438e+00 1.113412073774935340e-01 8.604659621404806558e+00
4.910845501458886986e+00 2.309758006962582266e-01 1.901722111704447826e+01
5.108422688679818080e+00 1.801311334548036658e-01 1.444935245820207825e+01
4.955689433563646773e+00 1.659253178874784129e-01 1.445184534312599389e+01
4.886697511117865211e+00 1.785388355216372680e-01 1.571577896264114571e+01
4.875277587302945470e+00 1.816420446825217916e-01 1.601251414279359508e+01
5.057809061948064233e+00 1.391472550254908014e-01 1.196040101793644972e+01
5.148148099454220805e+00 1.752515611459421474e-01 1.396375379842135978e+01
4.702377090868336218e+00 2.734284265327101560e-01 2.321820350412053102e+01
4.966987790311234718e+00 1.610446223043159597e-01 1.401438378941708152e+01
4.901610896731708245e+00 2.218441383610702256e-01 1.835560312824488349e+01
4.992511419497796865e+00 1.575210126878158756e-01 1.364931765743088654e+01
4.926596646420726699e+00 1.748926276760982557e-01 1.528565809623167127e+01
5.125765133460372880e+00 1.780659544867617683e-01 1.424260299034551558e+01
5.066247464299910241e+00 1.391036572390523529e-01 1.193529641888983406e+01
4.743644897369385660e+00 2.015460087215118767e-01 1.816246399953934798e+01
4.903062368973809981e+00 1.769258105421252503e-01 1.552983529946026131e+01
5.239865241028380360e+00 1.504275397886104815e-01 1.184548441816599329e+01
4.990414663210979818e+00 1.580213494285901132e-01 1.369673290389830100e+01
4.847979827156665422e+00 1.865302452957992019e-01 1.651372116551840108e+01
5.083114568562564273e+00 1.891259464639217514e-01 1.521032838479236915e+01
4.685958196505311868e+00 2.700788251091478243e-01 2.304152545272787478e+01
4.619501170035409388e+00 2.330922214689578886e-01 2.135404095611910336e+01
4.624712442164032211e+00 2.389387836681136357e-01 2.181618307821536717e+01
5.129498230579931040e+00 1.237819798188571768e-01 1.053008239673469504e+01
5.034032378043717060e+00 1.465294367856765367e-01 1.262898475230791462e+01
4.835783608675736644e+00 1.911206189487017482e-01 1.693907322944482630e+01
5.372541279968396033e+00 1.765514750599752880e-01 1.281022493518593919e+01
4.665055659400463739e+00 2.233252660299100134e-01 2.032478770733015949e+01
4.932169932422496572e+00 1.706894840970224481e-01 1.491974878376160163e+01
5.257747968490250834e+00 1.440656798507307379e-01 1.132273587064641340e+01
5.152624405999880253e+00 1.734170451395403156e-01 1.381269524293940876e+01
4.898893558886579847e+00 1.765930440164081017e-01 1.551436294778763703e+01
5.081022408184519890e+00 1.884959162910452568e-01 1.517019276961313423e+01
4.986548068526841071e+00 1.580064964314928377e-01 1.370631531926411029e+01
5.092944847554906396e+00 1.346907872736739786e-01 1.150871568043707782e+01
5.403622280890017393e+00 1.070030332273224916e-01 8.248447744333837761e+00
4.848233871882165147e+00 1.876806601223360293e-01 1.661003671056843700e+01
4.686282063191724134e+00 2.170932201996879640e-01 1.970614254167533730e+01
4.990100523927289089e+00 1.549972893548060004e-01 1.344776797081251729e+01
4.409851891773900689e+00 2.719910614374034807e-01 2.573477878222985638e+01
4.778207135154581842e+00 2.014938675028571935e-01 1.801820874964690944e+01
4.957409501579919997e+00 2.145174492994469106e-01 1.757632248081382897e+01
4.990613531489315413e+00 1.554289650291170999e-01 1.348201346844995818e+01
4.903814412881443374e+00 2.320865403773527957e-01 1.913180273227479233e+01
5.035517298693430455e+00 1.469475965311722032e-01 1.265959873792804657e+01
4.823402120982079211e+00 1.936728404218009680e-01 1.719785359843524120e+01
5.030579510106536922e+00 1.484605329870893609e-01 1.279754499987726035e+01
5.000356747080751063e+00 1.555392628294446911e-01 1.346367587915082709e+01
4.836192363447742615e+00 1.905918858591402754e-01 1.689467531980104553e+01
4.738441375450177517e+00 2.109644889888676877e-01 1.896884079281903013e+01
4.731128034106042435e+00 2.130839866413438421e-01 1.917697506856461587e+01
5.031750578758015457e+00 1.495830066922560486e-01 1.288762657751459528e+01
4.988579874959656379e+00 1.583307191547237425e-01 1.372763043228896507e+01
5.217884667959335587e+00 1.526632169923292370e-01 1.206759748991016323e+01
5.101724253397706299e+00 1.284250775515112242e-01 1.097317523365289205e+01
5.113858928528125958e+00 1.763906518719754180e-01 1.414746340531008251e+01
4.940832035287132662e+00 2.250071379250155879e-01 1.844399415714347867e+01
5.049886635096620502e+00 1.440196740843462386e-01 1.238171744093862969e+01
4.907124450818871608e+00 2.195839378633406558e-01 1.815976715242966932e+01
5.047056698886580151e+00 1.453433145633922230e-01 1.249781798383815534e+01
5.124849101766900894e+00 1.253358099598835540e-01 1.066770391075248980e+01
5.159273189532981085e+00 1.682446120175551119e-01 1.339992292615825953e+01
4.981053619774250762e+00 1.570974050472191685e-01 1.364708912939940078e+01
5.147451422627481676e+00 1.194725478926070700e-01 1.013863750203545777e+01
5.112409330110379457e+00 1.285261653448464547e-01 1.095751391319979362e+01
5.040039457453711513e+00 1.462264160916476319e-01 1.258834786601826039e+01
4.996016785468587074e+00 1.582087437287612586e-01 1.369672293667164098e+01
4.552846576220922259e+00 2.431081510149272762e-01 2.251671049374473199e+01
5.098241408465145952e+00 1.326709016792751716e-01 1.133020382294687600e+01
5.004492836630169528e+00 1.513588953592600872e-01 1.310698641638862938e+01
4.876528397244941360e+00 1.830824925035427209e-01 1.612769005427951186e+01
5.031228069446302520e+00 2.012022745031567528e-01 1.629885869945926302e+01
5.060448501081654449e+00 1.961313771664593975e-01 1.581766596523113222e+01
5.377419564846491973e+00 1.140250782574898092e-01 8.819536857806347996e+00
5.106116734732776941e+00 1.799160445990089507e-01 1.443936226019628499e+01
5.227173184189339850e+00 1.004302140559570344e-01 8.430504315269040205e+00
4.572675997869168008e+00 2.401553617814387309e-01 2.217110522007362761e+01
4.978343476557472336e+00 1.575721703619807068e-01 1.369395071078395176e+01
4.752036057445597095e+00 2.101775380861364007e-01 1.884990781231355328e+01
4.659304432983606858e+00 2.197947062511363125e-01 2.004856712101858918e+01
5.108993888643657222e+00 1.793716289666089370e-01 1.438939196474550819e+01
4.639550271784131930e+00 2.261896558947372182e-01 2.067847931099186454e+01
5.099620451161564816e+00 1.863771327531862643e-01 1.495128570311499416e+01
4.979982301424279889e+00 1.581297137647407203e-01 1.373576363457572569e+01
5.052485192101264566e+00 1.412808935177312375e-01 1.214957065825527138e+01
4.900143440271362394e+00 2.287211256357537525e-01 1.888624467063138823e+01
4.368444408709711624e+00 2.826513894581143549e-01 2.689169264560278094e+01
4.954684886222629814e+00 1.634419934428242571e-01 1.424935053223446424e+01
4.817177811219306882e+00 2.390651049224070956e-01 2.003062111098956066e+01
4.966896367992787553e+00 1.615596889444233797e-01 1.405777940598044751e+01
4.839087986150154563e+00 1.910590718438847646e-01 1.692299286573965134e+01
4.892959157149645577e+00 1.788936125455886372e-01 1.572573216187088008e+01
4.840342343371533573e+00 1.916734068345460062e-01 1.696936709743311766e+01
4.943406922234323098e+00 1.668867931538416116e-01 1.456921923554154930e+01
5.030065519404954166e+00 1.478825307223126384e-01 1.275118705773902406e+01
5.147125252074042479e+00 1.728684020130415167e-01 1.378564662958665288e+01
4.779534559111956682e+00 2.501526053823524554e-01 2.105395377338519225e+01
5.383395044057641243e+00 1.724890794915910075e-01 1.250075013582925543e+01
5.194426822828000390e+00 1.632899486973656833e-01 1.293213860015200822e+01
4.877423402165415034e+00 1.822233456129586926e-01 1.605404278737518098e+01
4.763670208479796386e+00 1.989126036432360412e-01 1.786383455788882557e+01
5.234052385727529177e+00 1.494970310778818701e-01 1.178958399481862607e+01
5.161682576077120999e+00 1.680393025694665032e-01 1.337925198764635759e+01
4.957833282774244843e+00 2.183580787399851952e-01 1.787073678962062573e+01
5.116809908579679878e+00 1.787611982114279685e-01 1.432027438084944571e+01
4.855403458716596177e+00 1.782755452063025936e-01 1.580399617931325906e+01
4.998728327049711595e+00 1.566724381861746840e-01 1.356269384603679384e+01
5.153896527034428132e+00 1.181671632095692148e-01 1.001833159864336409e+01
4.833099278363233609e+00 1.948421450646982411e-01 1.726180598880346651e+01
5.108994843475435310e+00 1.297594477605513719e-01 1.106628984980596186e+01
4.702961685479030152e+00 2.214299067137599497e-01 1.999718967120487889e+01
5.160653664003962859e+00 1.145822416365818719e-01 9.710493879565744280e+00
4.923014713565864398e+00 2.177051421224416583e-01 1.795624765526478583e+01
4.982258248331263850e+00 1.589296550769079275e-01 1.379464421935292862e+01
5.121116766601922166e+00 1.236847475922786405e-01 1.054055829079891637e+01
5.178516359939655089e+00 1.100306746982247091e-01 9.303889151000202418e+00
5.170169358594399966e+00 1.681895005311355440e-01 1.336696420157091048e+01
5.156180561138037355e+00 1.170352209842556862e-01 9.921028177146830274e+00
4.825429583916318599e+00 1.997087652339380737e-01 1.769465878464274766e+01
5.108489078236304159e+00 1.273423652696054342e-01 1.086921113158060237e+01
5.050821972171354979e+00 1.439816235290301283e-01 1.237627415676441878e+01
5.196249178188104167e+00 1.624460478845011768e-01 1.286325086436118248e+01
5.008922384696457009e+00 1.539034597636846635e-01 1.330520717388572294e+01
4.951395545049122049e+00 1.618664035987458505e-01 1.412866550458834425e+01
5.077002924990456023e+00 1.343978458597383518e-01 1.152240396237155906e+01
5.022655744565655667e+00 1.505050716175135306e-01 1.298733306741492655e+01
4.763744329006990519e+00 2.089155250130586561e-01 1.869656766821526617e+01
4.828229622367932627e+00 1.912400571419193285e-01 1.697666039252725056e+01
4.680528311803620056e+00 2.248008121497472589e-01 2.037432209812742201e+01
4.841298299397822191e+00 1.826287030007806844e-01 1.621678379552808025e+01
4.985411447601776125e+00 1.558724205270441421e-01 1.353320339023905561e+01
4.960507065267732330e+00 2.094667010965252374e-01 1.718553383495437004e+01
5.264923276696542587e+00 9.040789582074179598e-02 7.552219081201378970e+00
4.797742820909751238e+00 2.012511371674555183e-01 1.792557482218855114e+01
5.044749077579609775e+00 1.949768158914474692e-01 1.577835668781678535e+01
5.124962468322450171e+00 1.265888368869947933e-01 1.077037791812218082e+01
4.542086046788754494e+00 2.535923103681406721e-01 2.345610809092700322e+01
4.970909228001495705e+00 2.103270066413093775e-01 1.720528980528921892e+01
5.147496059182793182e+00 1.174562073445242633e-01 9.973546082708256932e+00
4.957234125605219255e+00 1.694704381261884774e-01 1.474361302139752539e+01
5.022070035120226983e+00 1.476572052211072572e-01 1.275390977999610698e+01
5.128627972468466467e+00 1.239830327072097005e-01 1.054831229566502770e+01
5.121682422292845871e+00 1.792059419705288870e-01 1.433920499794720094e+01
5.264697497478993959e+00 1.433928829907797908e-01 1.125627220737706402e+01
4.900265837041852812e+00 1.740257137487857264e-01 1.529640271853404343e+01
4.453471734574435459e+00 3.194978990600216284e-01 2.819804160958277706e+01
5.108832070372145928e+00 1.295781076782751839e-01 1.105158728351487163e+01
5.132408813742723730e+00 1.235220245729944794e-01 1.050246232686501280e+01
4.837432573365116006e+00 1.919590809849761048e-01 1.700424908339351759e+01
5.036101190319337562e+00 1.479988346606418703e-01 1.274515948519656838e+01
5.138462751234024850e+00 1.226782253221856828e-01 1.042050847494616583e+01
4.981325311311452175e+00 1.598601356425713993e-01 1.387474433990766443e+01
5.046440111746817614e+00 1.955731113363321783e-01 1.581864986418488783e+01
5.114085073130086201e+00 1.292559148462345542e-01 1.101366397943476372e+01
4.836600977129226209e+00 1.838844229294028798e-01 1.633806512843828784e+01
5.153864700367322804e+00 1.193221715898289542e-01 1.011367432209566530e+01
4.810781186435404422e+00 1.983012705655592123e-01 1.763047536332727816e+01
5.211921686824751099e+00 1.038535030328168463e-01 8.736438347153990591e+00
5.198818517418510865e+00 1.573805137026497991e-01 1.247275980804135820e+01
4.678585317043271630e+00 2.252487108613448752e-01 2.042291360692502877e+01
4.908576427643982498e+00 1.731155974004773279e-01 1.519499758631329733e+01
5.012926527588039249e+00 1.500091859669386019e-01 1.297267416321417244e+01
4.879113692352096798e+00 1.807683236000558469e-01 1.592737618497923613e+01
4.976450942367591779e+00 2.140460436197667848e-01 1.747281527350818209e+01
5.058920069871728487e+00 1.401047310675186397e-01 1.203571668911190784e+01
4.992328486200635851e+00 1.567865029458222759e-01 1.358959003549968614e+01
4.921800031038305434e+00 1.742027376208830636e-01 1.524260481194979278e+01
5.027293915970222571e+00 2.004535134480165681e-01 1.625533661015630216e+01
5.171493746888214282e+00 1.143738000444479846e-01 9.672740278140915748e+00
5.099403289669335315e+00 1.287753305759981315e-01 1.100716934771345024e+01
5.025719384785306332e+00 1.494831825158139949e-01 1.289475151398788988e+01
5.218222298750572641e+00 1.554556890218704857e-01 1.227829424756900423e+01
4.986000694095941377e+00 1.566788033127183566e-01 1.359916383002583196e+01
5.026756436588058818e+00 1.495526165388283701e-01 1.289789209542521675e+01
4.824330538392523238e+00 1.877878346724407288e-01 1.670906930142351143e+01
5.199942314373997121e+00 1.066363675486959317e-01 8.985524613054806764e+00
5.017987349454142709e+00 1.521259814818486655e-01 1.313366849892436683e+01
4.946734090744179468e+00 1.701132841628544279e-01 1.482758631464041343e+01
5.002628012029457949e+00 1.558474609034894154e-01 1.348324359525181215e+01
5.329161237843125676e+00 1.275564609137976313e-01 9.926491952887571912e+00
4.870867880738054545e+00 1.842118829101665467e-01 1.624224229081056947e+01
4.858107737045911811e+00 1.890224820962103647e-01 1.668554607982063231e+01
5.367862449180553774e+00 1.143448979490716000e-01 8.860316664667289288e+00
4.745095975401567578e+00 2.176982188961885112e-01 1.950860523486347375e+01
4.599659122321131832e+00 2.361441835407680767e-01 2.170271950224709201e+01
4.905987570927237584e+00 1.782521583556785361e-01 1.562952497717152056e+01
5.017408221787186484e+00 1.495359069780085870e-01 1.292157265493666429e+01
4.876699708435761949e+00 1.817502693603046116e-01 1.601695990314377127e+01
4.933897338634518626e+00 2.277414435457386366e-01 1.868083346493755670e+01
5.094408079477664053e+00 1.301248134620026087e-01 1.112997808683398304e+01
4.774820646878182195e+00 2.073641659385715430e-01 1.852400404570946080e+01
5.143719199130584840e+00 1.701674857803010532e-01 1.358942891386253748e+01
4.370769092898939334e+00 2.798840542070175630e-01 2.663720626831777238e+01
4.718670721808310375e+00 2.163638812063205796e-01 1.950348418021667385e+01
4.925038202718512004e+00 1.745819290820866676e-01 1.526406104749055359e+01
5.285426268966610053e+00 8.487241020388838764e-02 7.071202200160169760e+00
4.836467221000706473e+00 1.891650544864351413e-01 1.677440022530468156e+01
5.115531185297884420e+00 1.270593018035993949e-01 1.082961701520441089e+01
4.962955747553706942e+00 1.646012454840222461e-01 1.432039307214393631e+01
4.557628973211438783e+00 2.457629339292523307e-01 2.272368993703619822e+01
4.799959960086969346e+00 2.033715530745603128e-01 1.809385555511912713e+01
5.022445213199309144e+00 1.476573030343129589e-01 1.275287610225001700e+01
4.786828707275691208e+00 2.005839081948459224e-01 1.791033843135267034e+01
5.131452830438513857e+00 1.233970957571090959e-01 1.049415367180385061e+01
4.938761081377919027e+00 1.677041776857460531e-01 1.465073083826404243e+01
4.909738589428392253e+00 1.748420276408423901e-01 1.533455185408372756e+01
5.182772079145601118e+00 1.670786660497543263e-01 1.325049628918532996e+01
4.627253066261544312e+00 2.265353201779732040e-01 2.076001734005552635e+01
5.327970714229207871e+00 1.264043061737462337e-01 9.841927408765398511e+00
4.832283578937243362e+00 2.504505586692963304e-01 2.084275245222174533e+01
4.767436498043302606e+00 2.101214275919087993e-01 1.878542290746753451e+01
4.935158629347637493e+00 1.710893462163574630e-01 1.494231711554921205e+01
5.121942380952071439e+00 1.812624566487043010e-01 1.449625856873732666e+01
5.102159104476331919e+00 1.846759053987968302e-01 1.481412468663223692e+01
5.069315034278958798e+00 1.375870604459765723e-01 1.180283602179526881e+01
4.990907887894245221e+00 1.559003463449011029e-01 1.352062045306058025e+01
4.958551767801064436e+00 1.624110268077539332e-01 1.415221500267892907e+01
5.086463112362721084e+00 1.366429216813148662e-01 1.168487456420737658e+01
4.763357910417550301e+00 2.093391359179813116e-01 1.873401654645712000e+01
5.378025136447374344e+00 1.122096503953253499e-01 8.681961649750975951e+00
5.017071515282005123e+00 1.514767684987661511e-01 1.308272742080455586e+01
4.906309717527851610e+00 1.766536058138014342e-01 1.549500231191235677e+01
4.994479626321028043e+00 1.577749447311910524e-01 1.366498955254040126e+01
4.976950279171059144e+00 1.593002157139916664e-01 1.384155420345066290e+01
4.953257427050056450e+00 1.654367712863958895e-01 1.441923985839099487e+01
5.047866458062438610e+00 1.420647675500570362e-01 1.222600839176121923e+01
5.228511440924904718e+00 9.941080834500638785e-02 8.344895203884490797e+00
5.155659152719327842e+00 1.689654342444102675e-01 1.346589999140918081e+01
5.024848112464611383e+00 1.458683905324930918e-01 1.259854492327307796e+01
5.085248430337303560e+00 1.344973719156079550e-01 1.151020800374278963e+01
5.109770024174530967e+00 1.820586745627287839e-01 1.459248624093244118e+01
4.931927568763576630e+00 1.704246434156125312e-01 1.489814289786898449e+01
5.210955075096920019e+00 1.561255698837747397e-01 1.234636749534561417e+01
4.843590273252459610e+00 1.923729972359076446e-01 1.701592486165266394e+01
4.711726927725933933e+00 2.177853352100784790e-01 1.965151582322940982e+01
4.679391163772306683e+00 2.246832646663323718e-01 2.036928574240799250e+01
5.027839535022373241e+00 1.472550979084313594e-01 1.270585256983373235e+01
4.724659313341596167e+00 2.167457027520403035e-01 1.951266319122393256e+01
4.957233301789672808e+00 1.642265276594258860e-01 1.430745292079762443e+01
4.434014105400329697e+00 2.624415296651266272e-01 2.479011240281815276e+01
5.022395650405544920e+00 1.512870522028737508e-01 1.305296547224514114e+01
4.914823910779361427e+00 1.717513067589858944e-01 1.506192038811370359e+01
5.207156576532160130e+00 1.039655472000459158e-01 8.754241024874612975e+00
5.142736916729595542e+00 1.208509302032401422e-01 1.026143033334826704e+01
5.100486431346302751e+00 1.299755473961937691e-01 1.110319142410796545e+01
5.150198795538611485e+00 1.755691924019170680e-01 1.398363578418359410e+01
5.135058082575345573e+00 1.743988055846272811e-01 1.393652904682984506e+01
4.734360263492175314e+00 2.160125912476335563e-01 1.941316048687887985e+01
4.497816962101166993e+00 2.472044511213712381e-01 2.314561927570664324e+01
4.953850817695589548e+00 1.643034102295921894e-01 1.432330071895689017e+01
4.764359132684251819e+00 2.074045082403872808e-01 1.856936641269232169e+01
5.170019082893807294e+00 1.129519398850444001e-01 9.558654636011805650e+00
5.233919095260159082e+00 9.725013456289977043e-02 8.159371627714971709e+00
5.025689851089441440e+00 1.995291546657446680e-01 1.618926743624038522e+01
5.249528182268393017e+00 1.423181541509250247e-01 1.120944577943636133e+01
5.388250468764194778e+00 1.093307450384474605e-01 8.448318148007198047e+00
4.752968800272526551e+00 2.081581334877450062e-01 1.867560348785325886e+01
5.223717273000723083e+00 1.532959672628254610e-01 1.210133094766350226e+01
4.483031530195505709e+00 2.655767362104369256e-01 2.478032521162539581e+01
5.354020297430221120e+00 1.190354857856901066e-01 9.237840866023679709e+00
4.702308006946218200e+00 2.226768471580737596e-01 2.010221571343549840e+01
5.390884224848377926e+00 1.085074940317381775e-01 8.382070887391426695e+00
4.867797822581017897e+00 1.834096665394534253e-01 1.618492518972720973e+01
5.049686878117060296e+00 1.422635337761951335e-01 1.223677852993445470e+01
4.817647102306850115e+00 1.939737294417458735e-01 1.724349232826727629e+01
5.065749241418942894e+00 1.915144184444821374e-01 1.544757636058152528e+01
4.931519935692251444e+00 1.717046541145108018e-01 1.500471491048986294e+01
5.252710860741114374e+00 1.439188380657854816e-01 1.132272890683432287e+01
5.130858892245966807e+00 1.225729743837824792e-01 1.042762476787153147e+01
5.210199387968900808e+00 1.564438667939697658e-01 1.237244470428786158e+01
4.799222793387568409e+00 1.980895733218440147e-01 1.765556032466395209e+01
5.176934627911388809e+00 1.663562258152025686e-01 1.321012843070523424e+01
4.748089751299827022e+00 2.140681167994298584e-01 1.919022603356591361e+01
4.806091961920352595e+00 1.956080366234193568e-01 1.742157119463357873e+01
5.015398306022087915e+00 1.533689179194016872e-01 1.324395214414437483e+01
5.044886174185478467e+00 1.446319667525736152e-01 1.244478663922813411e+01
5.277508009111543608e+00 1.401392977865641154e-01 1.098244440835161662e+01
4.915327864591070295e+00 1.747546461552726138e-01 1.530873030830745485e+01
4.590367444555952581e+00 2.447478468500000337e-01 2.246944014006376023e+01
5.013661966448602847e+00 1.538761371587284432e-01 1.329062072107695869e+01
5.166074012231002932e+00 1.131410043261445869e-01 9.581856037975514440e+00
4.711279729469897148e+00 2.174285789023379378e-01 1.962292239433907071e+01
5.149956327618918195e+00 1.725214562789917361e-01 1.375097905951474431e+01
5.292275659704718471e+00 1.361582453117738678e-01 1.064987301252169516e+01
5.199718334397434027e+00 1.587534282392122631e-01 1.257402019380775648e+01
5.213773480141965067e+00 1.560652523888798049e-01 1.233516180887808922e+01
5.281691277464565459e+00 1.393377839344388525e-01 1.091267265868936320e+01
4.731091764524748555e+00 2.095542807704421362e-01 1.888865081827938042e+01
5.195706812511102335e+00 1.086143853799686892e-01 9.155381556732832493e+00
5.431933384531967057e+00 9.900985705517111046e-02 7.605174703431624827e+00
4.613840931013200475e+00 2.332066576296065452e-01 2.138837504088515118e+01
4.917969675432725118e+00 1.744930673823884004e-01 1.528020852530836393e+01
5.109996094761099172e+00 1.252130038663482603e-01 1.069024666790102707e+01
4.605162813729054783e+00 2.341280509242124053e-01 2.150695760090562203e+01
5.012647888258075390e+00 1.492421684012730509e-01 1.290986175984723161e+01
5.110708287509539538e+00 1.287028805222747430e-01 1.097565138137444762e+01
4.952082018641519312e+00 1.654616455616363946e-01 1.442540034396872528e+01
5.171592125241110338e+00 1.141139886248696000e-01 9.650988561783684361e+00
4.884341993876869736e+00 2.392119135237935901e-01 1.975785972252666767e+01
4.899231119708094440e+00 1.789876288865911436e-01 1.571245143020910362e+01
4.549165846946727321e+00 2.504960083653141045e-01 2.315580711973576200e+01
4.854065100897978269e+00 2.323544505640858515e-01 1.935631027321022302e+01
5.209843813792073952e+00 1.044050597321293794e-01 8.785139124375877628e+00
4.928081926883417729e+00 2.155573465131657707e-01 1.777102622669873355e+01
4.897284751705257122e+00 2.285749154911877745e-01 1.888468083126764085e+01
5.060492988067767151e+00 1.411546678772871433e-01 1.211890352602556220e+01
4.981523380379166532e+00 1.609169500987190637e-01 1.396236359000641869e+01
5.129193699391919381e+00 1.227640431437704988e-01 1.044681808971509618e+01
5.109869456908373131e+00 1.297391281025525589e-01 1.106307222536204193e+01
5.002673184979118837e+00 2.053143653915868172e-01 1.671006339312996758e+01
5.116011404394564366e+00 1.801619170234285694e-01 1.442851310886225846e+01
4.830255293761949176e+00 1.854932849675036688e-01 1.649500853836698866e+01
4.991729517079515510e+00 1.550927401130487437e-01 1.345115489905899686e+01
5.448722601542087318e+00 9.438738610772848259e-02 7.234555283656775693e+00
5.563046001684163855e+00 1.227640781347306698e-01 8.695344802592597233e+00
5.285179465119633768e+00 1.395058477332212776e-01 1.091851639377980376e+01
4.773823797269918678e+00 2.031575363699807957e-01 1.817497124080431448e+01
5.050884000796422413e+00 1.401542238208133562e-01 1.206021182835333327e+01
5.118609228642370113e+00 1.268681356905676516e-01 1.080707484731666668e+01
4.969250458438598805e+00 2.171139610224228911e-01 1.773232439790277581e+01
4.868846504476443293e+00 1.819726715533517558e-01 1.606251288566436131e+01
5.121925948577852772e+00 1.776583889443495157e-01 1.422216911898625646e+01
4.769092621630719897e+00 2.072110079779162783e-01 1.853503600686092057e+01
4.803691870013095055e+00 2.001455541578085473e-01 1.781056219205509450e+01
5.036369575109453045e+00 1.480552776756221545e-01 1.274921380223865874e+01
4.643600907264027633e+00 2.264414123639162668e-01 2.068089263084782203e+01
4.972856462120255117e+00 2.163017360599367445e-01 1.765970194403254823e+01
5.226230925734296484e+00 1.553335346326022437e-01 1.225011059441982475e+01
5.073832149134755554e+00 1.379130053437833958e-01 1.181902769061597169e+01
4.910409048490193662e+00 1.772525447252670250e-01 1.553233731636488102e+01
4.999329383238673152e+00 1.528759248400926585e-01 1.324639411316055337e+01
5.147946190767708430e+00 1.706384891340388954e-01 1.361375333039946156e+01
4.930407312619093041e+00 1.724696400161475351e-01 1.507342699391956486e+01
5.144168884301111966e+00 1.208436946136318829e-01 1.025775682815497447e+01
4.965549506743366592e+00 1.620718383120731687e-01 1.410389003867349444e+01
4.960499538347352910e+00 1.619838235474581611e-01 1.411129666838936636e+01
4.953398170671678535e+00 2.222727758526048258e-01 1.819128837627353334e+01
5.168212606414909871e+00 1.147290141902421873e-01 9.707938486873906925e+00
4.919406297840873243e+00 1.745100935628014771e-01 1.527539990112741108e+01
5.215216510917476178e+00 1.028186105700895359e-01 8.646278952063157774e+00
5.026085987035336267e+00 1.499189823952743195e-01 1.293009380821068532e+01
4.981195234546807349e+00 1.603589571449798024e-01 1.391681133044128948e+01
4.996656742601379264e+00 1.555324510774544478e-01 1.347323012856302782e+01
5.225674371074166658e+00 9.938414515578553043e-02 8.347405347027841316e+00
4.813335741788095312e+00 1.926147973086512200e-01 1.714546568098842627e+01
5.106268403530235034e+00 1.800909322174934213e-01 1.445250083674402930e+01
4.892236809998875557e+00 1.781654076182271340e-01 1.566737278287247648e+01
5.239507957011301009e+00 1.496133288224856250e-01 1.178430680094731287e+01
4.941448984163987923e+00 1.688425914131045091e-01 1.473841700944202060e+01
4.991894280461276701e+00 1.579231205071162381e-01 1.368448679167226345e+01
4.777133594039952413e+00 2.109597157461968187e-01 1.881788122553536624e+01
4.757104119643543072e+00 2.543266384015100967e-01 2.147775862879479192e+01
5.285930930981286302e+00 1.374976360224202943e-01 1.076437950128043752e+01
4.976883904224663979e+00 2.133536921317612522e-01 1.741801268525106039e+01
4.735395660142308394e+00 2.138324671194378745e-01 1.922100543868099720e+01
5.148283392732420971e+00 1.712237900485231445e-01 1.365768561326580333e+01
4.996123290939305406e+00 1.580274300736509152e-01 1.368201705360724674e+01
4.864269945440657494e+00 1.783311192791196820e-01 1.578056653727892922e+01
5.046158235084824639e+00 1.447660049631925294e-01 1.245259151833801781e+01
4.849435956920925328e+00 1.897164597279413500e-01 1.677460528125178740e+01
4.662107534261012987e+00 2.242948086703125399e-01 2.041973699163779088e+01
5.138039782658506027e+00 1.738289383970584856e-01 1.388346750657420792e+01
4.955622407349411951e+00 2.192528614041806823e-01 1.794733938018901398e+01
5.008047466204382125e+00 2.071645912047240246e-01 1.683321479458511405e+01
5.069801223213557861e+00 1.355232771327985475e-01 1.163207699641115767e+01
4.792061443726220560e+00 2.003306529078532627e-01 1.786874908823422103e+01
5.280789499135678966e+00 1.380017654583889919e-01 1.081362795956813372e+01
4.976464355440523235e+00 1.613589695422824599e-01 1.401297085928931097e+01
5.049687984487022163e+00 1.461073695493695923e-01 1.255499257773873722e+01
5.130551697956096113e+00 1.767795288349967575e-01 1.412980658934995759e+01
5.191336391862540367e+00 1.603253709633872259e-01 1.271538917300665261e+01
5.167865338539954223e+00 1.149846531172975389e-01 9.729739310411801512e+00
4.678556274132319892e+00 2.177867350030008031e-01 1.979647211391284145e+01
4.908526295285391861e+00 2.320038505889622515e-01 1.910722060542311951e+01
5.056525051468932830e+00 1.408410893203269620e-01 1.210349235588623706e+01
5.026518008989769193e+00 1.497214855142684764e-01 1.291255456292445736e+01
4.841990721211237414e+00 1.897452770417794032e-01 1.680386663595223595e+01
4.842968280805570735e+00 1.904469119068925298e-01 1.686006468124611857e+01
4.793514533445662806e+00 1.977867761810493397e-01 1.764974514868787026e+01
4.920186455185585395e+00 1.758561756916042773e-01 1.538612788045544377e+01
4.741322710997843082e+00 2.585253219066835362e-01 2.187795956854685286e+01
4.977955601960125875e+00 1.597921144781292435e-01 1.387833089220537275e+01
5.261945755221111298e+00 1.428867894143054651e-01 1.122412968731315175e+01
4.918764278108333166e+00 2.178189749712359236e-01 1.797980763727328934e+01
4.959486072532183876e+00 2.192345828018902043e-01 1.793279703195844021e+01
4.752916879704750741e+00 2.128367217399770861e-01 1.907036971861070995e+01
4.735896168332722311e+00 2.138988559276363000e-01 1.922534728107156354e+01
4.701125238911322946e+00 2.214762921153713426e-01 2.000520479000707041e+01
5.099716951555423705e+00 1.301466446625972606e-01 1.111861757566695985e+01
5.335695421903622560e+00 1.231478712707934908e-01 9.581614173499854559e+00
5.135738191132795727e+00 1.772258132649174867e-01 1.414908330798913560e+01
5.015418720513673989e+00 1.516346262648184950e-01 1.309997997565206163e+01
5.207335549142206865e+00 1.582101433115118694e-01 1.251411149627159602e+01
5.216737360014453095e+00 1.014228785551635481e-01 8.529243294899014671e+00
5.186470707316086504e+00 1.107703025892228105e-01 9.348509149950878339e+00
5.206954198276728007e+00 1.047416209120202307e-01 8.817702199802216256e+00
4.952508157954885526e+00 1.667462225881374549e-01 1.452945124916145758e+01
5.010143521458405580e+00 1.941083924519991510e-01 1.583076951586780190e+01
4.931203265292069204e+00 1.673784025801867137e-01 1.464741683692692931e+01
4.905839408197572027e+00 1.747322111311205295e-01 1.533769910710106288e+01
4.976936564699900423e+00 2.044225892883616558e-01 1.673786468720815890e+01
5.389783498623153868e+00 1.087934739526481009e-01 8.405366213380798257e+00
4.675864185516922511e+00 2.244550261453808482e-01 2.036445677207082383e+01
5.300356928767415710e+00 1.349024621325219664e-01 1.053854265333735896e+01
5.283629085122529823e+00 1.381573267151664230e-01 1.081918868838763714e+01
5.040253439289879900e+00 1.438120547385449421e-01 1.238940465800832769e+01
5.113660335755107589e+00 1.836287229275468946e-01 1.470106990018933679e+01
4.873661956165741493e+00 2.373038699995274614e-01 1.965250179826767507e+01
4.822526814571451048e+00 1.987713788017024530e-01 1.762730100003916789e+01
5.209158181700897394e+00 1.041313093006384083e-01 8.764124604817967068e+00
5.019396555615398547e+00 1.505831557171868340e-01 1.300242771762070682e+01
4.385563206243062950e+00 2.791950152608221880e-01 2.649164639698135204e+01
5.056614221617136806e+00 1.403804651871455589e-01 1.206504254257400177e+01
4.989508189283569983e+00 1.580304769233643603e-01 1.370043664014259654e+01
5.185085345365775034e+00 1.619189513876666819e-01 1.285126476482986568e+01
5.023389767320757038e+00 1.526698481217074743e-01 1.316525904227112420e+01
4.994197978367515667e+00 1.572429338023813572e-01 1.362173009925119338e+01
5.234868165537197804e+00 1.524746114118546714e-01 1.201258599558045681e+01
4.962218150166983754e+00 1.621761929188321738e-01 1.412262484052465616e+01
4.740497091267569019e+00 2.051491559323988800e-01 1.847828774687708986e+01
5.004056574108770583e+00 1.524667176788479794e-01 1.319973461302771867e+01
5.179029075452240782e+00 1.104605067228512510e-01 9.337219895598206421e+00
5.007376625188974195e+00 1.539133982063283779e-01 1.330992969432499784e+01
4.940713451365213338e+00 1.668899639417074088e-01 1.457718862738295229e+01
5.018927563111403423e+00 2.070152554184858384e-01 1.678937206062806808e+01
4.937620190001879017e+00 2.209998800563407473e-01 1.814845110007421880e+01
5.036579398013881992e+00 1.439366855990081295e-01 1.240878533941635098e+01
5.242777895816603362e+00 9.531173794130609611e-02 7.986614560305135058e+00
5.097501259003280438e+00 1.314266025321569886e-01 1.122927073121568853e+01
4.902095512298045854e+00 2.321970992505432152e-01 1.914731785894059968e+01
5.168893246313094991e+00 1.692958016751309192e-01 1.345517956378924929e+01
4.818942113027723906e+00 1.938118624554339420e-01 1.722489612091865752e+01
4.675406811236158866e+00 2.743861958431354497e-01 2.343621936594778887e+01
4.797372010700770240e+00 1.983983267019246710e-01 1.768646724992323271e+01
4.812746909528356376e+00 1.971793472426377758e-01 1.752833945173468777e+01
4.969363836664258294e+00 1.612118193259131638e-01 1.402059761757690382e+01
5.109432510593243215e+00 1.261522330800804725e-01 1.076886443434671392e+01
5.011047389333024071e+00 1.516364681902993838e-01 1.311142516504664002e+01
4.952865343344077687e+00 1.678707425700684264e-01 1.462242472456000364e+01
5.106065462328708726e+00 1.277886597771908939e-01 1.091122060580548236e+01
5.108291437258190903e+00 1.291712095753257683e-01 1.101944606312676100e+01
4.712312682485221060e+00 2.199983976859952728e-01 1.983519735189479150e+01
4.521583486227576998e+00 2.609971784032785180e-01 2.419110681721003786e+01
4.688917327900614218e+00 2.257704348324713339e-01 2.042150851508662868e+01
5.028859667951862455e+00 1.497468562722731045e-01 1.290907361400574338e+01
4.941705618397363331e+00 1.702276428412766163e-01 1.485192663079125808e+01
4.832435285721689233e+00 1.910946477253029629e-01 1.694967257267752814e+01
4.716439723109676407e+00 2.177955995633858999e-01 1.963425165405637074e+01
5.179753506289588749e+00 1.109852103460596540e-01 9.378800476415708687e+00
5.159058126294968183e+00 1.170158161148786846e-01 9.913458620367233465e+00
4.932320011971629725e+00 1.708998687500728197e-01 1.493678325326002465e+01
5.158026875031954006e+00 1.718581962408528008e-01 1.367928887443451558e+01
4.962725649401909855e+00 1.668420659850173016e-01 1.450806975159130907e+01
5.025666881343288317e+00 2.016503774336851351e-01 1.635282331847314197e+01
5.035074123308359795e+00 1.442801023862350374e-01 1.244098556367613995e+01
4.784859988372171635e+00 1.960075648637281120e-01 1.754100958666595389e+01
4.852920591554627627e+00 1.904639626006194852e-01 1.682489634183546912e+01
4.845816216201511040e+00 2.419541154742337330e-01 2.012727460185137218e+01
4.813511946054554791e+00 1.999835614441674014e-01 1.776308078983785066e+01
4.931294564787053858e+00 1.697145534369680075e-01 1.484070847888259159e+01
4.904144200108025764e+00 1.776230685539404441e-01 1.558279192780443267e+01
4.496062250186652953e+00 2.574855777092628917e-01 2.402969400106868036e+01
5.188261213265007221e+00 1.622843957689228400e-01 1.287153923019759461e+01
5.192741266951779622e+00 1.605812168593644673e-01 1.273021000813314352e+01
5.002466081110968688e+00 1.528684062806988930e-01 1.323769551378910947e+01
5.173173080194087170e+00 1.655635031058234341e-01 1.315939130780670396e+01
4.951733307336644074e+00 2.215682718753709535e-01 1.814104250743024238e+01
5.034102307727935433e+00 1.445082538155659513e-01 1.246231082010752900e+01
5.068729051578359623e+00 1.380675754743908024e-01 1.184395102750508144e+01
4.414589593763076358e+00 2.733004557361198850e-01 2.582428303227800015e+01
4.923330836020463508e+00 1.709204542381875247e-01 1.496578154969521712e+01
5.195438559328490413e+00 1.579495396375260319e-01 1.252438523332391007e+01
5.139798983141189659e+00 1.188988500967564782e-01 1.010778895458557614e+01
5.064933181448440180e+00 1.375487576013630364e-01 1.181081363335390577e+01
5.001166322994778923e+00 1.564019983697796934e-01 1.353347830684655939e+01
5.004135467612387700e+00 1.555915531643914107e-01 1.345806650673799609e+01
5.032733359778813309e+00 1.451880292876908674e-01 1.252209321631621464e+01
5.064513374929534351e+00 1.371344475538630037e-01 1.177746562226563931e+01
4.938584297114125832e+00 1.697841015931748354e-01 1.482491662282117773e+01
4.639829258431783288e+00 2.354182880506313358e-01 2.145200908845524168e+01
4.848900761459144171e+00 1.907129146679504283e-01 1.686039493177262116e+01
5.192797291116110436e+00 1.611634194238137363e-01 1.277430245313059309e+01
5.047241830084330694e+00 1.440650673701084905e-01 1.239157250824445100e+01
5.378173246393223472e+00 1.131757710383059917e-01 8.754563820642061955e+00
4.956225786960849256e+00 1.648702283683218528e-01 1.436388346671422411e+01
5.159422666433291838e+00 1.167228607758633158e-01 9.888759180015750161e+00
4.998015091452800540e+00 1.537858339173713285e-01 1.332580573367810572e+01
5.048412045587958197e+00 1.949217441542692997e-01 1.576277925326454188e+01
5.000910819294642984e+00 1.544007794945177203e-01 1.336892906979632301e+01
4.974470827796285910e+00 1.593304350069038033e-01 1.385117902123850442e+01
5.019492067944506530e+00 2.021758128073525285e-01 1.641286952873632998e+01
4.970738853516992073e+00 1.594742608025214448e-01 1.387390185134887588e+01
4.933179488989845041e+00 1.700686712111115495e-01 1.486343781275510167e+01
5.032147239768100633e+00 2.010197997144343995e-01 1.628356656679257952e+01
5.282695068467239352e+00 1.372196660389635725e-01 1.075034671851141788e+01
4.877784461118319648e+00 1.827581108284444256e-01 1.609745015595142448e+01
4.796407945927858130e+00 2.009857396824938358e-01 1.790945405716145444e+01
4.895564599992347610e+00 1.801401299108058851e-01 1.582037390921582798e+01
4.926521119631180667e+00 1.755050025530630331e-01 1.533749121125198123e+01
5.001185085294937771e+00 1.544665100050574003e-01 1.337397115151713045e+01
4.816464915492113974e+00 1.882629200831631988e-01 1.677523125978309082e+01
5.024386023205517304e+00 1.496500320120838778e-01 1.291240415179598422e+01
4.997619274331905004e+00 1.553091071029895909e-01 1.345210683541409402e+01
4.936509468721082428e+00 1.690736825348343741e-01 1.477184105517284607e+01
5.084756579478963978e+00 1.370144142474760962e-01 1.171924727438959124e+01
4.992232092261071230e+00 1.573624872548198272e-01 1.363880861453471383e+01
4.898555650611789325e+00 1.763034721624703871e-01 1.549151403083318890e+01
5.084206479094790510e+00 1.331981533139277030e-01 1.140652343841940208e+01
5.033457816222457915e+00 1.444525221791759240e-01 1.245931064013364953e+01
5.044447281224591961e+00 1.443360259224085451e-01 1.242071609587705794e+01
4.929329111996739954e+00 1.743424008219139898e-01 1.523141504749836983e+01
5.015981208323918139e+00 1.522320639970279332e-01 1.314822514852967572e+01
5.184010117195752443e+00 1.664505810748197479e-01 1.319933656369511965e+01
5.006709286869519104e+00 1.525093647741434522e-01 1.319683228055818702e+01
5.009532620215378707e+00 1.561299607427066027e-01 1.348801392966881352e+01
4.968226121058948230e+00 1.625446705092071786e-01 1.413490335251567842e+01
4.814064143986990452e+00 1.953680086142184913e-01 1.737325692711541336e+01
5.086260132563978686e+00 1.870916504732529073e-01 1.504704857986371991e+01
4.917216448205123491e+00 1.745976999359210857e-01 1.529114306596656903e+01
5.173777259307160925e+00 1.653700366387084175e-01 1.314436666695948119e+01
4.991492577204766690e+00 1.576544527926881101e-01 1.366371649208298855e+01
5.257923349237962007e+00 9.241608825215447132e-02 7.726655690667351806e+00
4.874241041818226705e+00 1.833472388112426799e-01 1.615857822943094035e+01
4.756223746174442546e+00 2.027547108754095273e-01 1.821642853286512675e+01
4.959217650848944281e+00 1.635836614703876091e-01 1.424809638828923042e+01
4.999871762280850618e+00 1.529304076070017726e-01 1.324995275897232716e+01
4.983363309109051897e+00 1.588306554796620473e-01 1.378341864380838899e+01
4.966380388985321304e+00 1.633919285958907175e-01 1.421042830132650714e+01
5.099465223605124997e+00 1.857649881185947649e-01 1.490475807830434540e+01
4.858423276024920412e+00 1.862446983024252656e-01 1.645320576383214473e+01
5.244086427926438532e+00 9.481652488150391078e-02 7.944242360795302105e+00
5.011008858850207304e+00 1.513973703114528946e-01 1.309278216284797480e+01
4.961962778842702981e+00 2.162653345677812700e-01 1.769483306295029834e+01
4.781704439632417980e+00 2.029406206130640600e-01 1.812806092491886290e+01
4.858884029368327973e+00 1.860512754774467648e-01 1.643612038588873503e+01
4.800520205149479303e+00 2.528374278511859030e-01 2.116262226807085156e+01
5.167681809171343232e+00 1.663300257860609588e-01 1.323238070825382273e+01
4.957452129882454983e+00 1.669054613366226514e-01 1.452827905054330770e+01
5.007251241788023499e+00 1.511000471804056500e-01 1.307846077274860974e+01
5.202143940662096178e+00 1.576910862199535635e-01 1.248872252968955010e+01
5.280956488325291076e+00 8.530513864217939557e-02 7.112657714917622442e+00
4.765555858165027914e+00 2.586422127420903716e-01 2.177041287040151474e+01
5.156400362317379304e+00 1.682130140915681638e-01 1.340646723562789333e+01
5.221108801768288288e+00 1.565910807406733496e-01 1.235748350374825044e+01
5.126521518021381674e+00 1.249980664138136965e-01 1.063631657064383340e+01
5.069038832640469394e+00 1.403693242209706482e-01 1.203324061183014493e+01
5.110855531012594710e+00 1.263279689152660146e-01 1.078036985785566770e+01
5.123028863979884662e+00 1.256227236496120780e-01 1.069548001020845618e+01
4.935865954086930074e+00 1.726317411572204363e-01 1.506907469347204831e+01
4.861711576812261626e+00 1.826789017764109402e-01 1.614516126911228611e+01
5.345247835258753355e+00 1.178821724795267450e-01 9.167466076279765730e+00
5.083333565044163116e+00 1.920454867103613406e-01 1.543366334616438706e+01
5.273053467963146446e+00 1.405051461196676899e-01 1.101957674088109584e+01
4.915657748640708924e+00 1.756928104118305189e-01 1.538527807705987627e+01
5.407434904698002143e+00 1.050441408683337047e-01 8.095161275003691870e+00
4.854375100077200855e+00 1.845950775025591850e-01 1.632979744780458375e+01
4.773911681590411682e+00 2.072678698180484835e-01 1.852082085393741195e+01
4.907384672965370065e+00 1.763519384776846000e-01 1.546776562306700065e+01
5.083551594774003313e+00 1.875739705654120570e-01 1.509024046405287933e+01
4.887455435020190642e+00 1.794300127188324656e-01 1.578826255367547304e+01
4.967536250402737608e+00 1.642784149415630057e-01 1.428070514440564764e+01
4.789958501085763487e+00 2.011132832506547785e-01 1.794198954620210174e+01
5.242620603565093518e+00 1.486205490179026145e-01 1.170215161179757146e+01
4.728669363356840627e+00 2.157442065118854724e-01 1.940967237194656292e+01
4.534688671620008549e+00 2.600053606455689503e-01 2.403717398273877848e+01
5.033981681022701160e+00 1.450380330474491386e-01 1.250659267625586679e+01
4.881773495231591653e+00 1.801115633688789575e-01 1.586484159726929377e+01
5.143129934727078911e+00 1.196059755184153972e-01 1.015810761142513563e+01
4.785417644588464192e+00 2.585079157073200129e-01 2.167262217522949186e+01
5.038211476056226878e+00 1.476665096106457575e-01 1.271277281746374754e+01
5.327482094034856175e+00 1.279737307520652234e-01 9.961190892561793575e+00
5.046411488279399116e+00 1.452678245288200054e-01 1.249362078340423921e+01
5.058929367583374415e+00 1.416350774447122374e-01 1.216228410756556144e+01
5.015082216768638190e+00 2.104333899553817444e-01 1.706142707917107870e+01
5.095145967858512925e+00 1.313673082325785835e-01 1.123092378768592070e+01
5.086990420531683377e+00 1.874314710992018573e-01 1.506930790322539337e+01
5.096715737350717923e+00 1.850164008764020873e-01 1.485557138544535682e+01
5.119765540904808176e+00 1.289112958979614088e-01 1.097319314323706863e+01
4.642471237890388736e+00 2.258902062575472713e-01 2.064020650597516848e+01
4.616875457031502705e+00 2.317149019252008335e-01 2.124947480639708175e+01
4.969048146593424420e+00 1.578605402843126504e-01 1.374477664297529600e+01
4.980376360799183111e+00 1.616865187380952806e-01 1.402920460297102778e+01
5.047998981427388010e+00 1.464586050818513785e-01 1.258768150289468046e+01
4.934676014099902197e+00 1.683330939884589150e-01 1.471538630298351613e+01
4.995718802002678594e+00 2.111093053417076315e-01 1.717867768374354398e+01
5.270242736801954209e+00 8.622115629179806506e-02 7.202800269443338621e+00
5.234147036706290557e+00 9.791141634525295234e-02 8.213055615659566655e+00
4.510169624790226095e+00 2.560572755317538363e-01 2.383460353759540240e+01
4.734808255914530584e+00 2.167686289686739931e-01 1.947097987779869754e+01
5.178967358653201458e+00 1.125410770068411281e-01 9.507821283418785185e+00
4.919337653053688975e+00 1.757589957501892175e-01 1.538020175575324977e+01
4.858265827775863244e+00 1.839607984513609018e-01 1.626372657177210357e+01
5.088058230240307012e+00 1.868424994563922803e-01 1.502216620781334733e+01
4.992159428985344150e+00 1.591057456561582317e-01 1.378247037361826521e+01
5.413895331294713564e+00 1.047138517629418730e-01 8.060492845012243279e+00
5.290410764647937469e+00 1.358619126663981880e-01 1.063148251186945181e+01
4.987701795308075781e+00 1.564415307107349662e-01 1.357428460536994308e+01
4.623112108302986023e+00 2.838227643051075000e-01 2.443488363616013004e+01
5.181670932566580845e+00 1.631104382388576246e-01 1.295065228193995033e+01
5.118792744338019673e+00 1.791707548731509003e-01 1.434531894348812742e+01
5.060516951183440248e+00 1.423903242929945301e-01 1.222112859269120122e+01
4.856189235893934253e+00 2.413615748417228257e-01 2.003793480255089676e+01
5.127628928510881146e+00 1.775661022183876725e-01 1.419761851068525260e+01
5.289341722208717123e+00 1.382868577562073042e-01 1.081748116241613644e+01
4.756108709659218725e+00 2.130225394162735819e-01 1.907082832815142837e+01
5.088373469961047668e+00 1.322121031091032795e-01 1.131567100636579859e+01
5.172968384377878870e+00 1.133563482788576549e-01 9.586238528842473627e+00
4.979175644584328708e+00 1.594022054134118238e-01 1.384246849677047564e+01
4.646211204296544217e+00 2.322274050246038724e-01 2.115137636318770831e+01
5.157459390602685545e+00 1.167848812516733836e-01 9.897922457248377270e+00
4.772056882202334371e+00 2.508383294669103702e-01 2.114191737007181970e+01
5.048720850497981694e+00 1.436494653387214437e-01 1.235370534147441468e+01
5.060714223197678940e+00 1.928768000524967441e-01 1.556748341073109820e+01
4.961383531566330163e+00 1.654167488815515286e-01 1.439319385417901032e+01
5.397972574216303165e+00 1.094700525933113150e-01 8.442936971204868968e+00
5.278524746570018245e+00 8.567062727908160424e-02 7.146051540614221764e+00
4.803033883468514453e+00 1.909395048689726537e-01 1.704767094272220262e+01
4.865427504407557002e+00 1.845507903980690978e-01 1.628846003000398568e+01
4.914300808436530943e+00 1.733378182778578247e-01 1.519483839769877598e+01
4.750320678064818836e+00 2.037164930440006627e-01 1.832072416989858610e+01
4.902828780250453988e+00 1.769519926397504217e-01 1.553240970310405267e+01
4.890679247152857734e+00 1.840428941099201410e-01 1.616264607056018221e+01
4.949449552155180676e+00 1.654287052026939542e-01 1.442978557838302223e+01
5.157460190802092725e+00 1.712026362639352262e-01 1.363019906049087737e+01
5.028112558454267855e+00 1.460443244325433931e-01 1.260469372418590694e+01
5.180088750551041343e+00 1.115264204437059897e-01 9.422675176154395871e+00
5.168410625992549967e+00 1.142446326614842272e-01 9.667845597901241206e+00
4.988205747208673380e+00 1.568518443159786779e-01 1.360677534637018837e+01
4.932686274640538215e+00 1.720649098463662707e-01 1.503304652344771242e+01
4.842737311215945972e+00 2.451920308732129516e-01 2.038998246827519978e+01
4.893263641864122881e+00 1.704302783610403826e-01 1.502526541074193034e+01
5.210788500239203813e+00 1.568844474312147408e-01 1.240427600918846096e+01
4.960786879510397540e+00 1.652072557825998711e-01 1.437707551045436460e+01
5.087111558991876947e+00 1.351139687276188273e-01 1.155727936355713759e+01
4.916189345412266043e+00 1.759875061093687798e-01 1.540919065241413222e+01
4.925046244289098318e+00 2.269113434155705100e-01 1.865131746113245370e+01
5.039625042100461805e+00 1.440415998010205756e-01 1.240981712965485428e+01
5.142036034599151151e+00 1.724323746437682880e-01 1.376711391739952717e+01
4.718267785301208939e+00 2.210926800304551521e-01 1.990193513371595913e+01
5.122859909270755630e+00 1.802973056261886198e-01 1.441920830912745721e+01
4.756255717610123668e+00 2.094580178221153721e-01 1.877102367966151064e+01
5.133795637686469071e+00 1.219760844253175436e-01 1.037366346109675419e+01
5.109982499133317368e+00 1.264985741043074263e-01 1.079633645783471962e+01
4.985059949706279525e+00 2.140166121485922446e-01 1.744051591830390180e+01
5.080948606486707320e+00 1.353216186737113969e-01 1.158834268278000224e+01
4.462551824669630740e+00 2.634535411431989660e-01 2.471852353885616793e+01
5.039360194865525777e+00 1.979120601458945750e-01 1.602127750511962390e+01
5.017416364766384973e+00 1.518852656665701240e-01 1.311591639110411833e+01
4.863407977377131708e+00 1.850678752044198627e-01 1.633800503503647406e+01
5.074336386316526060e+00 1.381837700564891580e-01 1.184050922394129302e+01
5.182017316660531669e+00 1.642031108635248482e-01 1.303276390969762311e+01
5.057341977232976404e+00 1.434256661131503019e-01 1.231423754500994150e+01
5.095345812414509901e+00 1.852102439527326394e-01 1.487570409947931438e+01
4.901657165944777184e+00 1.786649153164190928e-01 1.567787063565295824e+01
4.718561073138708650e+00 2.117936102888114958e-01 1.912801377193732577e+01
5.067776030628300177e+00 1.387761754750878873e-01 1.190459227438445922e+01
4.958434131907541342e+00 1.644585954616550327e-01 1.432207936613377797e+01
5.249722587303756072e+00 1.484073471691510493e-01 1.166946786494196964e+01
4.632471427167207167e+00 2.383145771883690978e-01 2.173094323798320460e+01
5.158798304219427422e+00 1.182173872704118667e-01 1.001276584554522486e+01
4.985696165607752306e+00 1.583994666444993593e-01 1.374127096415502969e+01
5.040986033755381790e+00 1.439823819941723759e-01 1.240189316016716248e+01
5.173520689906161429e+00 1.123985297381306092e-01 9.506497658219238645e+00
5.018601447008483873e+00 1.501531598177184290e-01 1.297009236279685673e+01
5.169807181669805907e+00 1.145727274506835869e-01 9.692306211636376290e+00
4.953294280450495357e+00 1.653538866202863000e-01 1.441148181068442113e+01
4.701588802859495431e+00 2.221321171703261321e-01 2.005936272850772184e+01
4.845174062264486992e+00 1.801094942791622577e-01 1.599187745971653385e+01
4.997730971637883712e+00 1.551849196214759585e-01 1.344141854292251992e+01
5.047650082395057858e+00 1.466852758942711055e-01 1.260749637841168891e+01
4.710402269296436906e+00 2.133801323608532086e-01 1.929359119071264672e+01
5.171048260019404097e+00 1.126945098602504108e-01 9.535391251531770251e+00
5.276824012700570776e+00 1.390665600123957846e-01 1.090232474106509386e+01
5.135767233998003611e+00 1.776963578800478949e-01 1.418520611757679362e+01
5.048709380480100428e+00 1.429583010679139343e-01 1.229674415166833867e+01
4.760430951742742778e+00 2.590797866482996703e-01 2.184071129258180832e+01
5.154342138439703902e+00 1.171100663482233795e-01 9.930778116263333288e+00
5.142772880984183281e+00 1.744267038030521133e-01 1.391641353998296182e+01
5.200647519279441688e+00 1.621684159031581418e-01 1.283148032193213162e+01
5.142686109043594911e+00 1.718069704769843997e-01 1.371743700767439833e+01
4.773802413589039340e+00 2.032168429390915076e-01 1.817960755833473385e+01
5.048700730384856783e+00 1.929263398480998704e-01 1.560843451860221975e+01
5.233363987000727136e+00 9.820624823616425081e-02 8.238367907574170701e+00
5.027922836855232447e+00 1.468919886608753278e-01 1.267558894336553088e+01
5.226032522164931748e+00 1.014136158141958760e-01 8.512945731452946418e+00
5.005430303461591457e+00 2.062696456427738079e-01 1.677449697111407545e+01
4.681735033668788404e+00 2.690925155469421903e-01 2.298406644081598316e+01
4.996630553719621837e+00 1.559963377521181582e-01 1.351145734435669254e+01
4.773857587842958772e+00 2.052117521533061428e-01 1.834867005602768586e+01
5.009131860476737863e+00 2.035123928983642028e-01 1.654984360213250483e+01
4.990526060614998372e+00 1.585861912392749484e-01 1.374301210943154317e+01
4.647524595647028356e+00 2.250298085868897291e-01 2.054611595089156495e+01
4.744153079129544537e+00 2.110972030530434140e-01 1.895817921185825838e+01
5.153927666360693216e+00 1.186242199355407867e-01 1.005569564023044116e+01
4.619483346699828630e+00 2.310397050268352126e-01 2.117759901641095155e+01
4.926236333142006707e+00 2.244319562547349711e-01 1.845441808250393834e+01
5.053243532361358703e+00 1.424664462466417869e-01 1.224474478549730527e+01
5.132682764876320469e+00 1.222646002197479015e-01 1.039852611527867410e+01
4.970484222718591028e+00 2.086079888474025867e-01 1.707570856881715926e+01
4.841317996623478059e+00 1.901471584479680343e-01 1.684042457001241644e+01
4.992767866131150534e+00 1.572650686827156696e-01 1.362797887197876712e+01
4.570306205167657509e+00 2.398261611576776309e-01 2.215310638176557489e+01
5.233804753808613874e+00 1.505292753104660597e-01 1.186723329145328520e+01
4.788230532489715863e+00 1.958065743314422735e-01 1.751172532418101468e+01
5.121959533023417777e+00 1.760120105822287617e-01 1.409583965481237655e+01
4.906029692664271025e+00 1.737298435697573196e-01 1.525428854737855033e+01
5.467002024534949989e+00 8.905371054251194629e-02 6.810339144114105459e+00
4.811851666042806563e+00 1.969920702631907383e-01 1.751609879941592141e+01
4.906308703323940534e+00 1.804777896431430106e-01 1.581434750123056787e+01
5.046638118011128604e+00 1.439486606258279788e-01 1.238382723511613825e+01
5.033075237376748667e+00 1.459797828123010066e-01 1.258568868045479405e+01
4.976576581554883916e+00 1.593662178001353791e-01 1.384808706401809175e+01
4.925860220018592806e+00 2.162437064719938962e-01 1.783193741087268691e+01
5.094914947806971739e+00 1.872196991488734863e-01 1.502959433309717419e+01
4.912339692949101000e+00 2.278162083402339166e-01 1.876802049445745268e+01
4.754631882630907747e+00 2.094044476850658865e-01 1.877479210583102542e+01
4.226096753703639131e+00 3.088276066794268804e-01 3.003528368988506969e+01
4.947178877860642920e+00 1.661540078610229676e-01 1.449696054484335050e+01
4.688758328802293818e+00 2.701057266838741699e-01 2.302988472602773129e+01
4.715810748024622079e+00 2.205457535775105504e-01 1.986752354133722065e+01
4.824957433719212929e+00 1.935896411841204479e-01 1.718402112241372137e+01
4.957258653084962496e+00 1.637846513608378352e-01 1.427047328846049723e+01
4.931187050308115438e+00 1.696972943509670317e-01 1.483994470453079195e+01
4.444585110687786056e+00 2.693952969131446773e-01 2.532364795127084278e+01
5.047007024050762070e+00 1.986320433368429228e-01 1.605108441824823373e+01
5.003989937791441633e+00 1.551734250717881347e-01 1.342369030355554216e+01
5.022686507102191555e+00 1.493721699819639814e-01 1.289348469720918899e+01
4.830524459621424960e+00 1.916653452150159642e-01 1.700421817183854500e+01
4.853368866148047189e+00 1.876438075517856408e-01 1.658797683608387530e+01
5.160425842096944216e+00 1.136958568789488422e-01 9.638996530073839608e+00
4.750309831601025046e+00 2.588966766633609140e-01 2.186819243003279567e+01
4.509814955735578224e+00 2.531407065494567510e-01 2.358726135176060978e+01
4.998549283663779264e+00 1.590544974226324737e-01 1.376023885603621721e+01
5.134008110123236435e+00 1.227966946518910807e-01 1.043978725802830709e+01
4.907789407785533520e+00 1.774301180404885825e-01 1.555567019033879639e+01
5.214251549016955423e+00 1.568275965660939908e-01 1.239179174189409594e+01
5.101879351546518393e+00 1.313304546861526201e-01 1.121153296414077261e+01
5.194014172604419777e+00 1.073986268597010990e-01 9.058487783489885814e+00
5.495069312604595524e+00 1.417623700661973518e-01 1.012825913914637255e+01
5.103661461602328586e+00 1.294935345379583103e-01 1.105616092713864163e+01
4.841219746191966600e+00 1.921918301920401140e-01 1.700879582654678046e+01
4.727768078131229679e+00 2.140634591394934005e-01 1.927245345745283345e+01
5.294144860874639313e+00 1.361530095027257137e-01 1.064573923851125592e+01
4.691458563305791252e+00 2.643331578423134265e-01 2.256408434830801113e+01
5.030199716649266684e+00 1.485289991298311685e-01 1.280419066844605602e+01
