5.756836420372749785e+00 3.692228928304026603e-01 9.492115985921158128e+00
5.699921962255357855e+00 3.655874356037404072e-01 1.735990569180761511e+01
4.428947457379505792e+00 3.121725881549571313e-01 1.776088316544564805e+01
5.276213064853794599e+00 3.481461770050505167e-01 1.765611006633100999e+01
4.353950133303227332e+00 3.067443553045602900e-01 2.531769196307306302e+01
5.427352236345837966e+00 3.540580338193231036e-01 1.894765521211626336e+01
4.823567506991326859e+00 3.306366479556698268e-01 8.434330606444941481e+00
5.357629174852948317e+00 3.517498073007901405e-01 1.559351327340645810e+01
4.950869216344287338e+00 3.348412740499330242e-01 1.376597716013237616e+01
4.834261467257433331e+00 3.301881042445752312e-01 1.391132265005482793e+01
