5.161297752114681003e+00 1.692772846488282135e-01 1.347318897434817231e+01
5.096812827692841275e+00 1.329395362242488665e-01 1.135559341909060116e+01
4.851032379641212700e+00 2.339478759156807808e-01 1.949323706223758990e+01
4.857959662194756056e+00 1.862868982919263783e-01 1.645868516739066223e+01
5.085810491012125567e+00 1.362648812524535347e-01 1.165554383738547628e+01
4.844688322780046796e+00 1.880348056975999493e-01 1.665128399164878203e+01
5.120639586537079069e+00 1.236359519008378149e-01 1.053750362927888240e+01
5.077078276850786942e+00 1.382013138778167838e-01 1.183549538860396311e+01
4.893716923215004400e+00 1.765019204962136601e-01 1.552431754929535934e+01
5.008920323342211489e+00 2.066864718314002924e-01 1.679536530699192554e+01
5.012732713927515960e+00 1.506060687783919716e-01 1.302170893911548433e+01
5.234406338087127963e+00 1.509035078544850306e-01 1.189432029240264654e+01
4.807771523150044857e+00 1.956111347913029597e-01 1.741617251538268007e+01
5.438004371792955816e+00 9.552036472206504314e-02 7.334665545969597744e+00
5.456953451906563224e+00 9.078148273014670366e-02 6.953202990488093427e+00
5.168235033195331951e+00 1.694109093278903244e-01 1.346568367064657323e+01
5.004166483772206853e+00 1.541014591801440070e-01 1.333552304794895349e+01
5.472839434235789113e+00 8.701167055786415694e-02 6.649903881547302831e+00
4.924045535272113305e+00 1.723716077732175278e-01 1.508438552010994549e+01
5.070660950996606076e+00 1.386581872983919106e-01 1.188802783112653216e+01
5.000363877483536612e+00 1.574893695976553043e-01 1.362568188861236784e+01
4.802014051195039102e+00 2.475050543210018106e-01 2.074158547114458884e+01
5.156288301716061895e+00 1.182589923373342788e-01 1.002100050675303677e+01
4.739115728064927424e+00 2.118480847282349089e-01 1.904098673902870686e+01
5.069653825765363386e+00 1.356604108559322230e-01 1.164367023154823144e+01
5.155929500841986091e+00 1.172000759804793651e-01 9.934934479964974585e+00
4.792592022011205266e+00 2.043823517969070580e-01 1.820840668556319031e+01
5.218221705134347133e+00 1.013650103740871417e-01 8.522064006235321898e+00
4.855507293689870885e+00 2.330924219784370477e-01 1.940848008753213350e+01
4.996592809715780348e+00 1.572138227638737451e-01 1.361286808084562416e+01
5.298979360641427050e+00 1.328797645347795098e-01 1.038829871539673455e+01
5.160420374759357109e+00 1.147094142398792788e-01 9.721490916227093493e+00
5.214722230081751064e+00 1.525226390417307176e-01 1.206466170906169921e+01
4.550920987741017498e+00 2.507687891020472515e-01 2.317086832300005739e+01
4.948977116512707219e+00 1.682396218060058235e-01 1.466379338035072166e+01
4.608510891186893055e+00 2.337324145353869287e-01 2.145940360082031617e+01
5.117677022719719027e+00 1.267039766757701580e-01 1.079578284742741801e+01
4.892786365565807039e+00 2.305987917618023686e-01 1.905935723640170210e+01
4.906088955503862259e+00 1.768717305991494848e-01 1.551605014823118012e+01
5.188701277763773767e+00 1.106173930236718228e-01 9.332114587248030446e+00
4.936642988981347457e+00 1.687242836438256621e-01 1.474255202968433132e+01
4.750929958279415999e+00 2.126721732114874308e-01 1.906172854847955378e+01
5.003193958541045205e+00 1.547436638948172793e-01 1.339003918644525193e+01
4.511277831844238584e+00 2.546025144955121333e-01 2.370355809986986984e+01
5.110575692855425345e+00 1.300583402893298324e-01 1.108751213458226559e+01
4.686519480959666417e+00 2.219600422520493777e-01 2.010782912945876078e+01
5.021146007922501653e+00 1.508236626628446653e-01 1.301765678061475739e+01
5.159876623947607932e+00 1.690911448201448397e-01 1.346451423828082739e+01
4.996788709228237479e+00 1.539521813643627557e-01 1.334281848990094943e+01
5.260642048752440125e+00 1.422033889232190984e-01 1.117521554848693022e+01
4.468189691108173989e+00 2.608730116545330824e-01 2.446443987579009871e+01
4.906260198833286346e+00 2.284166808954129768e-01 1.883754038872895009e+01
4.990106342535472805e+00 2.087562663017771825e-01 1.701782432807339518e+01
4.776200993935113104e+00 1.982075797639702153e-01 1.775843309462961983e+01
4.544893740686795525e+00 2.476740221020527488e-01 2.294757492004613653e+01
5.327970714229207871e+00 1.264043061737462059e-01 9.841927408765396734e+00
4.748357677121283871e+00 2.116763259752730830e-01 1.898954295110474533e+01
4.658390918666810876e+00 2.281098488904670374e-01 2.075048658685461689e+01
5.113118938920190537e+00 1.252107811724762487e-01 1.068360356069510608e+01
4.879096446181571345e+00 1.840394470431624407e-01 1.620094215535673143e+01
4.888280710989442390e+00 1.799574829405276577e-01 1.583023602312146672e+01
4.996286560781597608e+00 2.079353648299672452e-01 1.693386297686391018e+01
5.050966360378144060e+00 1.408083751373347958e-01 1.211331936702869783e+01
5.073861206605641883e+00 1.363914605009838577e-01 1.169335785343545453e+01
4.745640202464175061e+00 2.016915638517231824e-01 1.816709039369898449e+01
5.177701429409081513e+00 1.670409558693646823e-01 1.326072188159677268e+01
5.208826445122815230e+00 1.596700742545277274e-01 1.262125476169586413e+01
5.170843621440823767e+00 1.609470172340394800e-01 1.281538071402587775e+01
5.286996571475242490e+00 1.369694551320710663e-01 1.072259322408960358e+01
4.852528848158906172e+00 1.900477193541283139e-01 1.679072911649438993e+01
5.235862280653965861e+00 9.742035099769373596e-02 8.170077437214027682e+00
4.890662418511202425e+00 2.357150134969747401e-01 1.946385252004357369e+01
4.975198699032561400e+00 1.595526230937183154e-01 1.386735058862400116e+01
5.016314788606380581e+00 1.465793309072101203e-01 1.268029594128161008e+01
4.703979185437974664e+00 2.240573734819753249e-01 2.021243140561015394e+01
5.041659099024479396e+00 1.442832374077215873e-01 1.242483839880168617e+01
4.721181662398848289e+00 2.072874702479651776e-01 1.873520779133119163e+01
5.016899131920413701e+00 1.506652639294582818e-01 1.301564152670760421e+01
4.935182561895071096e+00 1.659425431464402745e-01 1.451591080532787714e+01
5.399411685597413246e+00 1.064456388182891400e-01 8.213286477635120875e+00
5.101162210069610126e+00 1.320291807458708611e-01 1.127075073919760406e+01
5.019374865238677152e+00 2.020302716153571654e-01 1.640222880918676296e+01
5.257354360732511722e+00 2.036928235480802707e-01 1.501683521378042840e+01
5.080294697279164495e+00 1.350183838907411393e-01 1.156510174496137999e+01
4.735619397869210268e+00 2.575868761827566078e-01 2.183079929785879969e+01
4.932606991569600474e+00 2.287533047063137204e-01 1.876370626609689296e+01
5.179116451344239813e+00 1.650194400140287676e-01 1.310256674224688034e+01
5.097110852235776868e+00 1.852738549266215173e-01 1.487396465952610036e+01
4.967589205739766811e+00 1.605366766601738771e-01 1.397070536936860741e+01
4.767829772154247969e+00 2.095359822334627031e-01 1.873460735017114942e+01
4.952403834695960683e+00 1.648549225327775591e-01 1.437355454456727877e+01
5.310592788725444713e+00 1.328388414086921210e-01 1.036172576007347601e+01
5.316253164413208943e+00 1.297724940483335754e-01 1.011895914318137812e+01
4.922890646122500158e+00 1.734044661563940715e-01 1.517302646904653685e+01
5.014324617074982449e+00 2.022365228145094063e-01 1.643450580031969110e+01
4.799691138377424338e+00 2.007836619516348287e-01 1.787901301776581775e+01
5.276581686059358844e+00 1.406077550496437900e-01 1.101962406910858405e+01
4.892748556986637354e+00 1.788445854928714940e-01 1.572240873235960024e+01
4.944930361582382972e+00 1.702890443506803464e-01 1.484697648513186508e+01
4.852207138485425730e+00 2.299287728371185724e-01 1.917539138680534805e+01
4.511169672744445691e+00 2.556563621409282949e-01 2.379489154727931677e+01
5.089446110324217010e+00 1.354617356816353591e-01 1.158040009984050300e+01
5.249620469859482164e+00 1.462272494894613084e-01 1.150471251301314801e+01
4.824862421942174961e+00 1.965626924826396893e-01 1.743421726951921613e+01
4.875562745956986355e+00 2.351683040192417695e-01 1.948069768222682541e+01
4.879516763328880735e+00 1.795275607307451060e-01 1.582339518577632376e+01
5.059293005888809702e+00 1.385738342796369316e-01 1.190928443880736509e+01
4.877450334419576983e+00 1.819976291230931131e-01 1.603541214131987758e+01
4.755111149828738171e+00 2.023862564164842781e-01 1.818926789612170580e+01
5.123713647048863784e+00 1.254157931646768254e-01 1.067690375844962603e+01
4.856654466945541593e+00 1.862424072603541259e-01 1.645923722300145542e+01
5.030287692906255437e+00 1.464404940416200729e-01 1.263243964974125966e+01
5.132051326708515049e+00 1.257536000038721458e-01 1.068686615132022055e+01
4.622872387984484632e+00 2.381787685553093947e-01 2.176114604194042812e+01
4.767699224084568144e+00 2.046956925522973869e-01 1.832763596885848756e+01
5.154492071708597578e+00 1.172094964988009969e-01 9.938700317781211879e+00
5.066762943035911348e+00 1.891237504140997616e-01 1.526127709050755143e+01
4.938620063082830747e+00 1.734318151569125832e-01 1.512743576517228128e+01
4.940075114739073570e+00 1.685242044034954423e-01 1.471407802106204699e+01
4.854670180083859421e+00 1.881584878403633199e-01 1.662659797506920256e+01
5.157234508150534857e+00 1.722549493152788769e-01 1.371121524583335649e+01
5.003055283905050388e+00 1.547907903810108732e-01 1.339474082963051949e+01
4.933196989912893571e+00 1.712256566284940107e-01 1.495988616478499011e+01
5.071076574935069026e+00 1.368976738355875689e-01 1.174163871939599879e+01
5.261068387013168035e+00 1.437939416218557143e-01 1.129451796887455295e+01
5.035927149009230774e+00 1.471044511909417318e-01 1.267167140485327081e+01
4.841784538054750620e+00 1.908219781815538862e-01 1.689569717738141819e+01
5.118297781052921991e+00 1.261793041980292795e-01 1.075085651586309154e+01
5.023839151484706278e+00 1.476309767775202397e-01 1.274723387441581757e+01
4.922602006664885899e+00 1.726337563967956235e-01 1.511099868925083101e+01
5.047227300609346656e+00 1.460519299677703053e-01 1.255654904072932965e+01
5.015608816040428408e+00 1.504871702261724453e-01 1.300590338013635971e+01
4.881364599489522504e+00 1.811207606159586925e-01 1.594890798741062454e+01
5.008375388800981654e+00 2.020362265188741513e-01 1.643956435501221236e+01
4.466047213556923801e+00 2.704538636593307732e-01 2.528970413918892035e+01
5.075154121222462678e+00 1.366989546501501673e-01 1.171587754694847661e+01
4.954663771162341135e+00 2.201989559677732800e-01 1.802221950928456451e+01
4.950194032376209918e+00 2.159435569088286322e-01 1.771277714037704243e+01
4.919500877143016204e+00 1.729911206768123266e-01 1.514999336042685130e+01
4.986371494524757253e+00 1.544796181156419257e-01 1.341485625947106364e+01
5.148976408970740160e+00 1.188203212467605352e-01 1.008211207200527149e+01
4.978089698944847541e+00 2.127462679612172336e-01 1.736631394325382161e+01
4.618747055933996926e+00 2.333150498187051836e-01 2.137720121185559208e+01
5.096823424080019649e+00 1.326614291956241531e-01 1.133258814281598958e+01
5.055588646555873922e+00 1.415608285326815374e-01 1.216397551086185658e+01
4.968229381251475729e+00 2.125539427142713322e-01 1.738738949020114788e+01
5.122872769828857642e+00 1.249934252388536365e-01 1.064379501417499974e+01
4.959547407242319572e+00 1.622027241958309274e-01 1.413222082906466781e+01
5.168092913789719134e+00 1.134956065701189371e-01 9.607045600749010816e+00
5.090376555035832418e+00 1.327486505477240009e-01 1.135451883046520472e+01
4.947044702091872637e+00 1.633446355035446107e-01 1.426419268658064077e+01
4.950413664643079414e+00 1.643581596790049393e-01 1.433796755146276602e+01
4.986302329848172121e+00 1.560700592651115548e-01 1.354692295477838471e+01
4.962300463601016176e+00 1.660451281646689592e-01 1.444378624981617421e+01
5.036966707669001231e+00 1.970557595532459183e-01 1.596303886125884297e+01
4.711207689616625061e+00 2.197568718677179456e-01 1.982088150654164593e+01
5.191343720215132684e+00 2.228390541524765955e-01 1.656249475709994456e+01
5.210759158098055011e+00 1.554952864139457769e-01 1.230036543167147123e+01
4.924364773484334101e+00 1.743362201696740943e-01 1.524789486431717478e+01
5.120517203113440274e+00 1.266780097033428087e-01 1.078757272101067777e+01
4.992145944066757934e+00 1.564246637901242909e-01 1.356113015603918370e+01
4.761918174221778877e+00 2.109910099814426010e-01 1.887933698035846675e+01
4.965998730371127046e+00 1.633696990734637977e-01 1.420976787514528716e+01
4.980367499367183370e+00 1.588316171129599830e-01 1.379294040714125913e+01
5.102700762665658196e+00 1.331333261859817263e-01 1.135869294366830751e+01
4.990917395538561507e+00 1.565970089816678679e-01 1.357851951326966500e+01
4.636163562805537985e+00 2.332359215444876344e-01 2.128299921926445393e+01
5.213022653772195092e+00 1.568917457931707227e-01 1.239949018764570887e+01
5.051472409342116165e+00 1.434483788975637331e-01 1.233001430556092970e+01
4.971701694869853583e+00 1.637054888525995566e-01 1.422099104881095499e+01
4.764907915690429263e+00 2.091680473434174292e-01 1.871440211003179499e+01
4.701273052757192872e+00 2.208686187036990878e-01 1.995559215192229274e+01
5.213361016237470835e+00 1.587839830576335820e-01 1.254261643974268203e+01
4.836280008093067906e+00 1.947130425221360039e-01 1.724029687074540718e+01
4.762464125835899509e+00 2.015312270893269697e-01 1.809027127363432186e+01
5.026021039211102881e+00 1.905745192903249008e-01 1.550723184304550628e+01
5.112779327233805127e+00 1.289809601947355666e-01 1.099359819997598642e+01
5.260697667590696014e+00 1.408998706557292591e-01 1.107737416287296206e+01
5.160728130247748346e+00 1.666589608154121493e-01 1.327626204484633554e+01
5.119009058179698535e+00 1.288142581578971824e-01 1.096662442381788161e+01
4.989430423055451591e+00 1.616002455340657118e-01 1.399704454741831583e+01
5.542610270217898538e+00 6.789390329474823127e-02 5.142830023327043421e+00
4.590771191371779025e+00 2.912330243756907633e-01 2.518747745013490658e+01
4.672177952718353566e+00 2.272290965744621638e-01 2.061521767181906029e+01
5.027134529605409519e+00 2.045354229123379497e-01 1.656797413196674285e+01
4.752241929063677262e+00 2.027791860173545346e-01 1.823324305680309720e+01
4.823228792283251742e+00 1.950288490741309555e-01 1.731124349943961960e+01
5.067851639490180915e+00 1.924020451913883156e-01 1.550830646548144998e+01
4.722597549496605929e+00 2.085233845267312203e-01 1.883326265275437805e+01
5.000208031084624416e+00 1.573847998317954300e-01 1.361799294613268430e+01
5.047895007771328935e+00 1.445280373956659425e-01 1.242860983360227145e+01
4.664329850668908151e+00 2.739175817310987027e-01 2.344866164810618159e+01
4.906459253662457165e+00 1.752674005117681177e-01 1.538029886287252168e+01
5.314935195234570031e+00 1.285106859002470014e-01 1.002623739940073122e+01
4.997194825699034837e+00 1.531322308831938594e-01 1.327339241595524477e+01
5.173810041402417959e+00 1.124605554942879199e-01 9.511271241295936818e+00
4.786345450590710371e+00 2.040645291216235113e-01 1.820429366685938177e+01
5.092849201334407105e+00 1.867809379428862215e-01 1.500229457211937678e+01
4.953392687222953228e+00 1.657530785560734077e-01 1.444455612973460568e+01
5.006794784678496590e+00 1.543878855438864939e-01 1.335084373984838102e+01
4.833059280083532805e+00 1.923020857105784132e-01 1.704746655455258519e+01
4.445904014561007145e+00 2.714068930847041705e-01 2.547807929627029822e+01
5.417863572332906941e+00 1.028683063476899806e-01 7.915928639805995815e+00
4.764961623700762594e+00 2.057370457803935349e-01 1.842587370251259316e+01
5.091557279168828387e+00 1.334027244912731891e-01 1.140590157114535508e+01
5.132015313361582010e+00 1.224539333133560087e-01 1.041546774883764748e+01
5.087325389176611701e+00 1.363791475545573506e-01 1.166115436516946247e+01
5.078447821004073326e+00 1.365778924689525498e-01 1.169768284149506599e+01
5.080855028373025384e+00 1.362897736956615868e-01 1.166878577388466454e+01
5.089961423581344846e+00 1.863952583015396069e-01 1.498250656781984524e+01
4.970664435193596020e+00 1.627038144591687885e-01 1.414100701890495770e+01
5.003295556560926727e+00 1.541665089352498297e-01 1.334196627106452837e+01
5.043716319258517267e+00 1.437403813411288200e-01 1.237416421410592271e+01
4.801249290787715118e+00 1.987718248295298196e-01 1.770405476516230792e+01
4.862602091079804012e+00 1.863701760917255701e-01 1.645019891413382140e+01
5.296689253716949430e+00 1.350904412348069572e-01 1.056005289268732739e+01
4.694893154782034728e+00 2.199778961463893512e-01 1.990591658219979365e+01
5.130858890954215212e+00 1.225729743837824792e-01 1.042762476787153147e+01
4.971081999468961676e+00 1.627756753345113161e-01 1.414599413355139568e+01
5.124920146919401454e+00 1.239603480072942882e-01 1.055556025701531553e+01
5.078463136795253519e+00 1.909632999245488849e-01 1.536609075887854026e+01
4.999339171940923698e+00 1.550416539299824814e-01 1.342517495631883762e+01
5.107296086927010315e+00 1.295277785993091124e-01 1.105082258520387128e+01
4.799116017184513971e+00 2.006696731749727236e-01 1.786971330159825655e+01
4.871752408237104426e+00 1.841555145917015968e-01 1.623448435406208290e+01
4.907482191687313033e+00 1.760725020341133706e-01 1.544419555723120396e+01
4.975771760628759921e+00 1.613059254144069699e-01 1.401049756532041890e+01
4.736976386496079883e+00 2.146753357128342310e-01 1.928711420896630102e+01
5.020116022090489238e+00 1.486332144860310345e-01 1.283963568151514423e+01
4.825316413829906281e+00 2.464420328223607126e-01 2.055976581524161162e+01
4.718167950649601927e+00 2.173356505273608408e-01 1.958768705070311000e+01
5.038153770366752049e+00 1.462612883869700564e-01 1.259624559921503106e+01
4.859056824376585482e+00 2.335551085305811458e-01 1.943153656871056967e+01
4.965445677124774804e+00 1.620701710686363595e-01 1.410305875087568594e+01
5.004835995793070147e+00 1.531101030592993961e-01 1.325120290007227553e+01
4.742153646665073552e+00 2.146293408290199933e-01 1.926531803970355838e+01
5.431306631868232593e+00 9.797857392208220162e-02 7.528753160364127339e+00
5.163985294372287704e+00 1.148947880265959592e-01 9.730054069129625560e+00
5.060857152793772684e+00 1.404812912928946611e-01 1.206207260371026990e+01
5.143288138806389576e+00 1.212565793175569423e-01 1.029346829711363220e+01
5.222154703506390661e+00 1.014496840014225409e-01 8.522270506361197207e+00
4.814108099011770392e+00 1.971665608474840459e-01 1.752332779434747323e+01
4.926596646420726699e+00 1.748926276760982557e-01 1.528565809623167127e+01
4.688010329277577881e+00 2.214027525422574694e-01 2.005608823010403796e+01
5.015835486043880742e+00 2.043385521519371917e-01 1.659143211512454030e+01
4.845850542064924937e+00 2.317577451711198000e-01 1.934269125867226080e+01
4.762596999756092409e+00 2.096777670137345007e-01 1.876548543917353129e+01
5.251518548241778106e+00 1.439553931078678128e-01 1.132906371886900310e+01
5.345319355832581110e+00 1.225497080316933080e-01 9.518669819277496558e+00
4.690458614059335396e+00 2.248100293197574651e-01 2.033248321382762924e+01
5.172744378772272889e+00 1.686372501924671974e-01 1.339520516252948745e+01
4.711555075732976938e+00 2.200034227951422061e-01 1.983885804841585099e+01
5.128500903633448793e+00 1.242798994101609877e-01 1.057275002468258229e+01
5.255680497790129913e+00 1.462831196217957153e-01 1.149523365216428239e+01
4.700504231905445529e+00 2.164066257862393983e-01 1.959069397071952778e+01
4.690335806255756523e+00 2.685214925769741079e-01 2.289971996813469346e+01
5.043051819401806135e+00 1.965356937042676000e-01 1.590378253815902454e+01
5.269630121299315739e+00 1.425093446174407752e-01 1.117830285137473290e+01
5.081214420089463779e+00 1.868047556154889544e-01 1.504008350576028619e+01
5.024093446206734370e+00 1.477470758451089328e-01 1.275596700277183793e+01
5.427667843392292468e+00 1.001452695902514400e-01 7.696602743641811628e+00
5.187465055886616661e+00 1.098133695679845562e-01 9.268211612417058376e+00
5.112165716539729843e+00 1.789656002319507944e-01 1.434913063197543792e+01
5.062026340771984323e+00 1.406572547271994211e-01 1.207407183586769683e+01
5.159858071791571632e+00 1.697900776258186306e-01 1.351611266047610549e+01
5.129010891645922499e+00 1.767918825442527930e-01 1.413447321342678187e+01
5.124610109218501464e+00 1.272905758975580726e-01 1.082909195078050857e+01
4.635067604996142343e+00 2.277628687624028703e-01 2.083175406520155093e+01
4.820635500569382614e+00 1.946125280773015609e-01 1.728726793511695448e+01
5.217002575486734628e+00 1.564023898687650072e-01 1.235327527779904599e+01
5.068487710127753232e+00 1.384069602519990838e-01 1.187265752451639500e+01
5.036313431275158514e+00 1.450749940587704179e-01 1.250303455885121551e+01
4.835159187640490686e+00 1.912632664331261612e-01 1.695317877481907232e+01
4.866122325764289158e+00 1.858515856226350127e-01 1.639528840125625919e+01
5.104988785128583118e+00 1.320129543681753392e-01 1.126118909615893315e+01
4.763638188298859433e+00 2.537090353641565654e-01 2.140164557531048217e+01
5.259814933869103371e+00 1.459257493093643332e-01 1.145885109857139028e+01
5.224148000652140134e+00 1.012310530543005238e-01 8.501005234033069513e+00
5.151319933500003501e+00 1.714551728780842610e-01 1.366592942465289617e+01
4.552685409153980345e+00 2.538443627696455596e-01 2.342591352586588016e+01
4.786928098038510271e+00 2.041503045033996322e-01 1.820897681692355263e+01
5.027339667169868243e+00 1.490761384216729712e-01 1.285691325886242353e+01
5.172155316626400712e+00 1.673873383479490828e-01 1.330123478346902388e+01
4.881858501854687837e+00 2.386576372039868332e-01 1.972628255897707561e+01
5.090923163930961337e+00 1.853198564960801265e-01 1.489583480214180966e+01
4.683735100771363236e+00 2.222905429586805592e-01 2.014781912457283752e+01
4.506518283651486101e+00 2.547005582321373307e-01 2.373827396379699906e+01
4.842033466377115403e+00 1.934609903537248543e-01 1.711283674027844270e+01
4.878821946498067774e+00 1.794152630619094135e-01 1.581585286034051130e+01
4.520612949093096411e+00 2.547760498307274357e-01 2.367271215307804866e+01
4.903596971367184310e+00 1.813701426577132847e-01 1.589815959874325202e+01
5.353665472443846163e+00 1.205327469587020167e-01 9.351239083869188562e+00
4.849611310755772564e+00 1.902989217118753462e-01 1.682299187330337276e+01
4.909430503348935382e+00 1.774473190106542753e-01 1.555164261573994366e+01
4.611259593270263579e+00 2.402581681547970305e-01 2.199002400982790917e+01
4.850611099964911688e+00 1.919344284478212426e-01 1.695723049410995031e+01
4.954405834779977091e+00 1.635973506688832291e-01 1.426299158695218239e+01
4.927466539227388864e+00 1.713224547685258115e-01 1.498541938587083777e+01
4.854651475363091606e+00 2.437154036035596716e-01 2.022739830678961681e+01
4.971026408239537453e+00 1.647611868131260149e-01 1.431078067166816226e+01
5.150578575566552963e+00 1.722074111550997433e-01 1.372534216966406717e+01
5.249321913871223266e+00 1.461700682999702572e-01 1.150098413906508910e+01
5.071414897429472823e+00 1.368852809459212283e-01 1.174085095904955267e+01
5.245372276570663850e+00 1.482923752222919944e-01 1.167081711224515317e+01
5.229566668792197781e+00 1.001871401258781630e-01 8.406698681160790443e+00
4.643617247113571267e+00 2.338985155351611667e-01 2.130854186321836607e+01
4.828980403492472817e+00 1.944754661426860987e-01 1.724448268150866070e+01
4.994600419864322127e+00 1.569702104895560335e-01 1.359827608316051695e+01
4.703583059876026873e+00 2.230038886517979047e-01 2.012512828725770220e+01
4.437225320782049565e+00 2.708725187027850034e-01 2.549045247852328799e+01
5.149206048080203324e+00 1.169260700574858147e-01 9.925869713967765406e+00
5.004744442317837105e+00 1.514753468539041248e-01 1.311574684537519175e+01
5.027681488685129096e+00 2.006305135306492293e-01 1.626786224317946505e+01
5.107654058448326317e+00 1.278705764045343918e-01 1.091463962044868552e+01
4.833699588485469434e+00 1.956416998110961925e-01 1.732408527767675466e+01
4.750421874587384075e+00 2.116519562318376901e-01 1.897947595158227330e+01
4.859202841942479978e+00 1.900826121103589839e-01 1.677102182451542234e+01
4.954649828325126570e+00 2.212360972482200205e-01 1.810484359531098875e+01
5.141221532751776735e+00 1.744487677775302670e-01 1.392354694915161772e+01
4.685661659893862740e+00 2.159853422191247152e-01 1.961424367639362742e+01
5.150220085102589884e+00 1.157516845841031483e-01 9.827844215326866362e+00
5.256574072663768860e+00 1.446553789735014750e-01 1.137011761397231169e+01
4.809251624646201151e+00 1.891028048588472010e-01 1.687131517139088288e+01
4.995942950544374206e+00 1.565123659458100003e-01 1.355660398292855895e+01
5.060886074580554173e+00 1.897717928315469649e-01 1.533008792627199135e+01
4.842060590642388362e+00 1.904048782151332164e-01 1.685799146012368510e+01
4.986979484192321621e+00 1.574589023271177890e-01 1.366103835415518652e+01
4.934701209485252704e+00 1.688835656447351119e-01 1.476180446236768873e+01
4.877048578543682567e+00 2.345234659033074431e-01 1.942518423560203900e+01
4.711134059481706160e+00 2.188762050729671504e-01 1.974427712154582792e+01
4.730266865880967231e+00 2.700832210430459956e-01 2.282410147576922199e+01
5.098368134054269696e+00 1.831634655416311819e-01 1.471020813118395232e+01
4.579708621906607213e+00 2.409500297991524209e-01 2.220527429601037284e+01
5.257759625251533286e+00 1.440893193877886280e-01 1.132448291432261378e+01
4.778588118896028192e+00 2.040106808428638341e-01 1.822806812869912818e+01
5.126280212441230333e+00 1.253406639688239288e-01 1.066509994223237534e+01
5.052033085158893044e+00 1.415869503190586576e-01 1.217503333051681658e+01
5.120888467243781328e+00 1.259392272483341735e-01 1.072595517543079424e+01
5.195591771891408861e+00 1.072631408142880466e-01 9.044525283812072658e+00
4.994331623890340133e+00 1.568839886321430899e-01 1.359198155005742947e+01
5.122235525538928691e+00 1.778054092163582345e-01 1.423186090908878754e+01
4.530657972586499938e+00 2.570579112605654859e-01 2.380721578051266718e+01
4.635559180774407650e+00 2.342573344929786694e-01 2.137032132476661417e+01
4.940020138427136054e+00 1.711684135639423010e-01 1.493491344458324832e+01
4.755044124807873196e+00 2.080646629688193416e-01 1.865989634677562492e+01
5.020932533154986999e+00 2.043645899103569696e-01 1.657494143180833390e+01
5.007105586488103555e+00 1.536795834471198496e-01 1.329090967660455291e+01
4.855670974363743397e+00 1.876258984113410300e-01 1.657851943357563584e+01
4.834481932433728701e+00 1.919459931607566672e-01 1.701332848437791156e+01
5.228909245196265765e+00 1.508383854828078130e-01 1.190326341468482063e+01
5.184726245517773613e+00 1.102533593327732486e-01 9.309519513775766697e+00
5.183802639268507484e+00 1.631157350777137915e-01 1.294549390348756646e+01
5.394619821094136292e+00 1.088313300816972778e-01 8.400306778735377122e+00
5.123463413924770116e+00 1.258178847273160872e-01 1.071034989306430951e+01
5.218986157109150703e+00 9.878635851481211427e-02 8.310383249871497569e+00
4.849807489989278686e+00 1.896643133513459534e-01 1.676928067421082602e+01
4.922843710365160774e+00 1.718410734403680862e-01 1.504340902805101088e+01
5.160814275810150953e+00 1.147033020354501637e-01 9.720163621718899805e+00
4.943868971473013296e+00 2.220135734963343543e-01 1.820354463119217669e+01
4.910297262429820897e+00 1.771418326035113788e-01 1.552317701374770031e+01
5.303399139594932699e+00 1.318074985757854700e-01 1.029832421819795485e+01
5.178915395665232069e+00 1.673093208992891823e-01 1.327846742888985254e+01
5.037598693579969478e+00 1.454363400645623527e-01 1.252942081359534399e+01
5.207155230801474133e+00 1.044948068965831506e-01 8.797150970791900448e+00
5.038512133797797610e+00 1.425626746738262174e-01 1.229016291278732709e+01
4.765538940762960252e+00 2.051229428041929093e-01 1.837177071774462433e+01
4.777972962813019642e+00 2.091354726351627724e-01 1.866087937249596251e+01
5.281205292941923091e+00 1.389658032083760097e-01 1.088544863004333685e+01
5.181487558086756984e+00 1.640852272363040043e-01 1.302535571107319079e+01
5.090723793819099896e+00 1.832626205217569026e-01 1.474005262056978260e+01
4.935844139705091393e+00 1.697923047867145041e-01 1.483404948163948589e+01
4.896738816966740515e+00 2.370216072734954715e-01 1.954392910685362850e+01
4.930329173591187164e+00 1.696928205544984136e-01 1.484190671673937345e+01
5.197991071082959991e+00 1.059526038978460954e-01 8.933126171481372779e+00
4.895325426637959332e+00 2.286927821509803227e-01 1.890172967669530024e+01
5.115142731899800843e+00 1.273014161016534918e-01 1.085043167624030147e+01
4.661969713561288309e+00 2.301199353770326805e-01 2.090429632288233108e+01
4.828965443807836877e+00 1.955621712627049202e-01 1.733461221798684448e+01
4.449879859660043735e+00 2.653520653893005621e-01 2.494804477866750148e+01
4.873696656630648327e+00 1.817739021857011916e-01 1.602847645834894763e+01
5.193382286297390849e+00 1.617662759931610128e-01 1.281893129223139027e+01
5.014432121579455170e+00 2.038974011495028882e-01 1.656178566674564934e+01
5.121796945532066658e+00 1.774838205416247039e-01 1.420978348012828540e+01
4.793899739837370610e+00 1.983785330636065047e-01 1.769862806539248723e+01
5.073589257745228842e+00 1.363361624313461085e-01 1.168935968409057935e+01
5.022183987447331965e+00 2.018280376246301411e-01 1.637774095782133088e+01
4.771963773060634573e+00 2.040639343541987005e-01 1.825801339856293382e+01
5.084684258959473624e+00 1.336132808062271415e-01 1.143886611641596218e+01
4.979960120143233304e+00 1.605210539032961015e-01 1.393318884783415257e+01
5.148368205656449703e+00 1.195856313493563333e-01 1.014598380433781699e+01
4.955375689286324103e+00 1.631656241462656198e-01 1.422427884163504430e+01
5.261612932946116317e+00 1.432271949040657966e-01 1.125061070633238103e+01
4.985347776582074175e+00 1.571859106452780097e-01 1.364268489032001597e+01
5.111863545481010185e+00 1.808898043857109506e-01 1.449646230479224052e+01
4.954424901290590100e+00 1.633838995374138625e-01 1.424517559448212189e+01
4.934925667687473982e+00 1.735465499758003516e-01 1.514799295736066753e+01
5.039026781553408441e+00 1.447340347189676746e-01 1.246865977622564614e+01
4.974859866354701232e+00 1.626279953945471979e-01 1.412328941350237521e+01
4.944872545380255779e+00 1.665743365054097314e-01 1.453860683491992134e+01
5.000171207761541226e+00 1.564075753989747353e-01 1.353630246647066926e+01
5.131492238062375755e+00 1.251747424257139696e-01 1.064029590102802914e+01
5.292306081655829608e+00 8.278752736603078866e-02 6.891768788534687218e+00
5.045903473132122841e+00 1.412841402628661203e-01 1.216586413029168057e+01
4.556656107979084602e+00 2.499170977049315068e-01 2.307130838956446794e+01
5.264640935700605873e+00 1.431227703927206441e-01 1.123584159617215406e+01
4.906955697223624568e+00 1.754744319407763042e-01 1.539561873024523209e+01
4.958463486033727996e+00 1.627715220200494917e-01 1.418244532984645900e+01
5.277012310514011872e+00 1.419435970312328543e-01 1.111981446415277475e+01
5.198615390205783449e+00 1.612985079126917631e-01 1.277008672423900926e+01
5.027861962896469805e+00 2.008249782662166749e-01 1.628199289759019308e+01
5.054563368546221902e+00 1.939338463483969432e-01 1.566657667406156484e+01
4.938890249155386769e+00 1.721934104838634683e-01 1.502363970714128705e+01
5.218876665826752692e+00 1.558729925872278377e-01 1.230846050604240105e+01
5.250111992334490552e+00 1.488031582263787123e-01 1.169919562654929202e+01
4.999816274735529475e+00 1.561783513046516858e-01 1.351864364605136615e+01
4.905945093850816008e+00 1.739775770702222668e-01 1.527526223699806174e+01
5.135251718642492413e+00 1.206233812247088505e-01 1.025827068721610402e+01
4.986316305248425174e+00 1.560104771402072710e-01 1.354226520804886036e+01
5.086326123121408749e+00 1.335125367239538841e-01 1.142649949015638633e+01
4.801443223055731124e+00 1.991767552772029659e-01 1.773955690417997744e+01
4.674264928575369460e+00 2.275537724507317450e-01 2.063496944295372160e+01
5.175318471612147420e+00 1.148513742833550261e-01 9.704467699058817232e+00
5.204787079815515582e+00 1.588613348350736976e-01 1.256977962838918650e+01
5.094868031794899110e+00 1.323131610044483153e-01 1.130837620038203539e+01
5.048832751368714788e+00 1.447616637971519959e-01 1.244585738924054574e+01
5.200833293807974655e+00 1.062162105821206071e-01 8.949539281534022450e+00
4.982629346388160130e+00 1.591652304157255560e-01 1.381452303028308393e+01
5.011900481809358432e+00 2.053820227859586844e-01 1.668471349518572211e+01
5.047361743171630444e+00 1.424191317792554701e-01 1.225646490750739659e+01
5.175481516771750279e+00 1.690526912675024140e-01 1.341875963727444088e+01
5.066750069395735245e+00 1.913165592716263297e-01 1.542949904575679909e+01
5.142027251653191300e+00 1.763866780667214529e-01 1.406789562136853888e+01
4.935660677735618229e+00 1.680692013814607533e-01 1.469053250956145007e+01
5.017323588000386358e+00 1.478407668100949757e-01 1.278146315848734638e+01
4.531706176374473038e+00 2.507755832200211921e-01 2.327514164849627321e+01
5.336207892819415655e+00 1.258699957647802792e-01 9.785984647704015771e+00
4.649362717823642299e+00 2.268276950314312701e-01 2.069003423638378791e+01
4.736067829064841916e+00 2.129935516177818844e-01 1.914993889313635833e+01
5.338900704877774572e+00 1.242493398902274337e-01 9.658569541849235662e+00
5.008943637953190198e+00 1.526497698789829049e-01 1.320224494273729121e+01
4.817610877267260783e+00 1.871548174232477435e-01 1.667800411857052012e+01
4.960793137590504998e+00 2.064319082474241063e-01 1.694787470487693781e+01
4.823056933677824176e+00 1.921110411764653525e-01 1.706752590274848913e+01
4.748668054698077512e+00 2.138630360551656007e-01 1.917143858508790544e+01
5.108728709962454317e+00 1.296451933808130397e-01 1.105767900889064492e+01
4.822859525231973699e+00 1.968571331547276648e-01 1.746467415358703335e+01
5.044951301265807153e+00 1.443665659117457367e-01 1.242384201712374114e+01
5.127498386582727719e+00 1.219704350827307410e-01 1.038585299339745305e+01
4.874826618403896639e+00 1.859206069174452747e-01 1.637128394828288691e+01
4.782711258517463371e+00 2.107102782640344063e-01 1.877483809425733341e+01
5.257805187483706177e+00 1.459785384172496148e-01 1.146755881048587788e+01
4.997438864619873300e+00 1.565059273608954415e-01 1.355240289306834889e+01
4.909010779270810865e+00 1.796681385178898749e-01 1.573904263501888678e+01
4.462680032366838745e+00 2.658061773812487316e-01 2.491715370586478429e+01
4.937165990618627376e+00 1.669957044234373356e-01 1.459632030841607531e+01
4.828351387768313963e+00 1.934502210108053066e-01 1.716097090218410770e+01
5.199761290001250202e+00 1.052203760448444797e-01 8.869800509041196435e+00
5.049477464859302600e+00 1.449041205170415736e-01 1.245573690263318056e+01
4.630845130747573535e+00 2.386709375979908510e-01 2.176549269238876860e+01
5.153817575656523431e+00 1.191418246081372978e-01 1.009880929749417966e+01
4.958720437140037518e+00 1.612279651468526143e-01 1.405456085930116039e+01
4.961318092939795754e+00 1.674794406198019114e-01 1.456498857004861947e+01
4.919432730687482547e+00 1.755562255509361680e-01 1.536459238183967635e+01
4.805784278312806634e+00 1.976729228002195027e-01 1.759695787741248907e+01
4.975519021721571455e+00 1.583370914146928210e-01 1.376543226964690803e+01
5.220724955875306605e+00 1.019288378707432219e-01 8.563911469893572104e+00
4.960545305394666649e+00 1.640558224583279490e-01 1.428375293919307865e+01
4.925560123691604453e+00 1.720370188064674621e-01 1.505054078759208025e+01
5.178884255736865505e+00 1.618699014983693840e-01 1.286428946268543250e+01
4.961778528628675744e+00 1.634550701904261827e-01 1.423019268178443753e+01
5.308822681313673186e+00 1.317547273016199949e-01 1.028340037307604149e+01
5.119999721198481346e+00 1.785213916996088446e-01 1.429355424711944345e+01
4.965755363524007926e+00 1.656703276769157795e-01 1.440210456539291783e+01
4.986065435980955307e+00 1.584145479397958134e-01 1.374113845388716726e+01
5.101064919310826618e+00 1.828125645175499026e-01 1.467603448500335794e+01
4.615167586605878114e+00 2.409100950134155095e-01 2.202820569728454814e+01
4.810983922259405077e+00 1.947247920253392661e-01 1.733023419511577856e+01
4.463807418118758363e+00 2.603258833398266470e-01 2.443969913149325990e+01
4.869796796842991604e+00 1.882578824477510737e-01 1.658291249701919412e+01
4.641759645900385145e+00 2.778172195819473278e-01 2.386617721805098924e+01
4.913809894626968600e+00 1.775102065856262734e-01 1.554353699887214546e+01
5.126168942859173683e+00 1.267796999367291899e-01 1.078371362689643220e+01
5.202129689207334096e+00 1.641989077915085027e-01 1.298268601257161237e+01
5.154041548156796715e+00 1.715865649796899095e-01 1.366871629659972953e+01
5.077029950797656177e+00 1.869413986113901138e-01 1.506307327318559786e+01
4.644733761151513818e+00 2.265715335433322319e-01 2.068959759229433004e+01
4.957056374970591150e+00 1.668319691796325832e-01 1.452359719190365794e+01
5.239132689570023871e+00 1.496159172579668573e-01 1.178583793147402403e+01
5.175040211368482801e+00 1.115487955792061198e-01 9.434014647073045268e+00
5.119639233344702056e+00 1.801818295575311202e-01 1.442010765392173965e+01
4.970854691080726973e+00 1.618383559035666275e-01 1.406841145530199810e+01
4.812385155805542603e+00 2.427515348629299963e-01 2.033674521659896328e+01
5.070821290182413676e+00 1.383050985416466039e-01 1.185860741965469245e+01
5.058650785260921268e+00 1.365276525800285523e-01 1.174157267137445615e+01
4.863413532018778795e+00 1.861969763664088340e-01 1.643321909509100820e+01
5.032736305492182538e+00 1.454767881453552791e-01 1.254624874134428580e+01
4.949336826989260807e+00 1.674842999330326543e-01 1.460058216335749925e+01
4.840359736455000395e+00 1.945648189743471868e-01 1.721097559466423377e+01
5.469488959157603247e+00 8.859736273122904848e-02 6.773044764442497367e+00
5.205078106843872732e+00 1.586283846283639554e-01 1.255117982395222320e+01
5.182239737329045859e+00 1.106961114461899598e-01 9.350716455563953033e+00
5.281954220359232899e+00 1.383150228881379618e-01 1.083452661965762509e+01
4.968847493314883401e+00 1.630885345324979974e-01 1.417833438251455647e+01
4.513210241309190351e+00 2.548763926431392712e-01 2.371816849470419797e+01
4.733675941226488604e+00 2.166932199891704325e-01 1.947078201419603971e+01
4.629581495295140847e+00 2.280302805451117631e-01 2.087835585387761483e+01
4.947663730953722805e+00 1.700344055601445414e-01 1.481771944279085318e+01
4.999311076839161316e+00 1.566256167602995963e-01 1.355640023088638202e+01
5.119096583864303440e+00 1.267008103014799492e-01 1.079230542813471594e+01
4.647087144294799188e+00 2.240350251308290130e-01 2.046230349063685239e+01
5.063365381194393500e+00 1.414330737044272868e-01 1.213474479766813019e+01
5.073607241747782659e+00 1.891585658980484974e-01 1.524302936102030515e+01
4.905644801573569858e+00 2.245593711244082968e-01 1.854343581805591512e+01
5.095290645747618363e+00 1.317678499941769832e-01 1.126211502931796460e+01
4.867680670913772545e+00 1.853537905286970489e-01 1.634789634952175774e+01
4.952392488144893967e+00 1.643824126960128917e-01 1.433440818660032434e+01
5.101550653171416982e+00 1.827204192945801609e-01 1.466721751638975135e+01
5.179236357978026284e+00 1.628958654050444432e-01 1.294173730030129477e+01
4.775219584570309372e+00 2.092432980383378549e-01 1.868188208058599287e+01
4.881046922416836686e+00 1.855575020284916388e-01 1.632070571646740120e+01
5.213832224876812305e+00 1.520906631074136206e-01 1.203372896012284521e+01
4.871393045253624265e+00 1.836207454435874187e-01 1.619106463320852285e+01
4.654818686741492684e+00 2.246681048649021573e-01 2.048193168331586378e+01
4.907381779134198041e+00 1.779251213281260457e-01 1.559808987080166887e+01
4.917742154937704946e+00 1.720573165243440839e-01 1.507764593798344599e+01
4.997324273267847339e+00 1.527808820320583627e-01 1.324405858855413243e+01
5.488256558728768830e+00 8.294233259808528325e-02 6.326203438231790877e+00
4.925840068175205921e+00 1.726349052386143557e-01 1.509983863238464608e+01
4.717751493127514628e+00 2.093647040129213710e-01 1.892406485355728307e+01
5.065708846628393047e+00 1.880522153130696483e-01 1.518336179957419141e+01
4.827684447667994760e+00 1.982714328104451806e-01 1.756661753980430518e+01
5.131684133846896145e+00 1.230325269946728473e-01 1.046360911544520178e+01
5.201581318994760395e+00 1.584772002416263426e-01 1.254803271149010691e+01
4.775209627481802777e+00 2.525003067621155450e-01 2.125676020870509575e+01
4.916054796967154417e+00 1.756811563263264708e-01 1.538541902557799190e+01
5.207817976423992690e+00 1.571531495345810103e-01 1.243218335600109370e+01
5.020183231903628140e+00 1.495237387033357124e-01 1.291233907124444968e+01
5.326267105933122359e+00 1.274575500513425996e-01 9.924650438324491120e+00
4.944108330030516640e+00 2.225543050387497335e-01 1.824471269214117797e+01
4.995380013838720323e+00 1.537497160374723670e-01 1.332951526293734901e+01
4.869135570801583768e+00 1.866738691727619637e-01 1.645463030250175862e+01
5.142482023882664066e+00 1.752102119816619230e-01 1.397662874214869611e+01
5.027995333146636270e+00 1.476276063274091499e-01 1.273512714208759533e+01
5.174473817688599375e+00 1.637252290804701305e-01 1.301733668245373288e+01
4.963582403574269719e+00 1.645820727565114328e-01 1.431901515694393545e+01
5.158787582378868031e+00 1.702132339562149876e-01 1.355143193574392591e+01
5.009007111338128482e+00 1.535405955002959733e-01 1.327495240359357886e+01
4.947344505970965756e+00 1.679254165620090167e-01 1.464417715788307994e+01
5.058335624408792697e+00 1.966826431901101957e-01 1.586571970251685215e+01
4.931447932999397210e+00 2.154276713341981286e-01 1.774869156853413443e+01
5.127372881164221852e+00 1.243007729606286776e-01 1.057730597437109310e+01
4.700048290697013798e+00 2.144725838460720402e-01 1.942802877356697877e+01
5.082448322319116585e+00 1.364924942122992257e-01 1.168142817947369849e+01
5.184484920430549870e+00 1.636766595212714170e-01 1.298712493729955675e+01
4.864026550050103204e+00 1.866955214406433583e-01 1.647255667200876417e+01
4.353767964359012588e+00 2.771963354924381062e-01 2.651021857150964678e+01
4.690131162377192631e+00 2.253870465621252706e-01 2.038198250644437692e+01
5.245435835941915315e+00 1.473990709040589875e-01 1.160304803139609042e+01
4.997737849804666510e+00 1.539359690538530112e-01 1.333909786700431610e+01
5.047711525420297995e+00 1.960543349884100728e-01 1.585192382423708324e+01
4.753311779387361824e+00 2.031531740412288733e-01 1.826161135307699368e+01
4.965830156538174833e+00 2.187281662508664681e-01 1.786899192890718879e+01
4.901743593955520950e+00 1.773450072705702596e-01 1.556904868512014772e+01
4.629722958454067339e+00 2.334269681121934892e-01 2.133792023284951256e+01
5.309353987475469161e+00 1.287206570693707475e-01 1.005409198115126301e+01
4.936333831204573919e+00 1.697223281128905636e-01 1.482658535435649227e+01
4.837003984370655374e+00 1.892821430624115620e-01 1.678178013059378770e+01
4.489073062277226356e+00 2.549518101914233781e-01 2.384675956174993416e+01
5.070741959548056954e+00 1.401175691301016768e-01 1.200883404952597466e+01
4.686405132708017618e+00 2.172162290007277063e-01 1.971619151683776394e+01
5.333296335773994201e+00 1.243967361549424416e-01 9.680261804390777769e+00
5.164228040890305849e+00 1.675676609531591699e-01 1.333524809757247986e+01
4.533028933026860940e+00 2.481461141165450524e-01 2.304443609825577965e+01
4.626560647079534405e+00 2.315245389900456308e-01 2.118892639749405049e+01
5.119636818904179876e+00 1.813455640311346651e-01 1.450878761348891999e+01
5.203418401008684135e+00 1.573401500679753318e-01 1.245738468829466328e+01
4.893275697813993297e+00 1.812878554245265228e-01 1.592330449083045352e+01
5.006586852079396799e+00 1.557834448211625478e-01 1.346757634693767969e+01
4.790892638429615324e+00 2.038948603145132876e-01 1.817312837442975848e+01
5.126397929024787636e+00 1.209818809080398655e-01 1.030676261588032183e+01
5.166596135400991940e+00 1.680312003646230457e-01 1.336431486046818762e+01
5.343443202435048889e+00 1.218643748981286107e-01 9.470595766127884119e+00
4.886229570692911750e+00 1.800694852890456776e-01 1.584554417879832755e+01
5.207245403387060989e+00 1.050331591663404424e-01 8.841079776482633434e+00
4.328242457859168724e+00 3.438791103032633467e-01 3.093598140573784505e+01
5.052614096914197717e+00 1.415618513002435130e-01 1.217314212785345440e+01
5.017272108300450562e+00 1.493540734512953938e-01 1.290712033525509561e+01
4.669966387682784159e+00 2.797124328497717083e-01 2.386682993359258731e+01
5.210342515222677662e+00 1.040014027987348488e-01 8.751467292682040267e+00
5.106014213479030950e+00 1.311676552660464012e-01 1.118866890365920064e+01
4.411449608452210569e+00 2.736084796706364508e-01 2.586832671506205017e+01
5.001171132449944601e+00 1.564308640254009619e-01 1.353565637070416017e+01
4.625930953420490432e+00 2.398827205520954464e-01 2.189307796787430505e+01
5.041697164561051991e+00 1.447721299338670942e-01 1.246388323488215200e+01
5.090446094759606410e+00 1.337621169384541342e-01 1.143776699442276268e+01
4.697493663123927909e+00 2.224447315195225983e-01 2.010435071268036467e+01
4.649979979422467657e+00 2.242572997697786230e-01 2.046964679291271949e+01
5.021126981293066116e+00 2.055479094494803705e-01 1.666829792468491434e+01
5.216163549837022018e+00 1.551191539378030115e-01 1.225751498541131213e+01
5.090265067523734643e+00 1.328877867142171099e-01 1.136609030291959144e+01
5.026965798206388669e+00 1.514448911435627154e-01 1.305413613096433778e+01
4.665053979816750740e+00 2.827397967466088735e-01 2.412777732909319894e+01
5.060777139124978063e+00 1.917388020778151014e-01 1.548012498220319699e+01
5.022650912231161335e+00 2.041438937904063167e-01 1.655297737419668280e+01
5.082075812333544107e+00 1.861339246845103712e-01 1.498594906189796561e+01
5.351550523325367514e+00 1.197929265575323615e-01 9.299400977917786193e+00
5.141123408401035988e+00 1.712874428359245083e-01 1.368180676702639609e+01
4.909276197947892939e+00 1.763777795348470123e-01 1.546437782521219084e+01
5.314688925583284096e+00 1.298616427707327270e-01 1.012867798870598612e+01
5.216525147283106456e+00 1.029181934868928922e-01 8.651995235412469398e+00
4.986515893884266859e+00 1.575783086516842346e-01 1.367204061929995618e+01
4.996753025553302585e+00 1.537057810979976513e-01 1.332232150202663412e+01
4.771491559564591256e+00 1.973252586599651415e-01 1.770056348322281892e+01
5.330225974563356672e+00 1.249725525069241283e-01 9.729684831436308912e+00
4.596863337061324550e+00 2.861681817539634687e-01 2.475523550483163149e+01
5.097114050440739064e+00 1.316676025195601674e-01 1.125004689490743104e+01
5.091831138109374599e+00 1.334576704906158262e-01 1.140987265366001502e+01
5.399373075732859739e+00 1.070456848323110416e-01 8.258588669020790363e+00
4.953962342199397462e+00 1.644537803509683316e-01 1.433597044420900346e+01
5.045032763798079856e+00 1.431074852251368879e-01 1.231805646223357975e+01
4.516094424959299580e+00 2.520491099396915402e-01 2.346164139446555197e+01
4.529228618044062848e+00 2.507342597374314641e-01 2.328597036067672477e+01
5.272961022838262402e+00 1.417232542456120237e-01 1.111195115629594632e+01
5.121451674394866593e+00 1.249974467421967050e-01 1.064730190200735294e+01
4.911541191802533568e+00 1.748338456003430963e-01 1.532798192249801517e+01
4.541587550007467833e+00 2.466234461909304343e-01 2.287185260447373381e+01
5.035725858642471131e+00 2.013831516918300202e-01 1.629841298732815602e+01
4.984898669545158256e+00 2.111025944247294228e-01 1.721615382639301117e+01
4.891926643086320858e+00 2.403921463000762149e-01 1.982003412884196081e+01
5.019799008564965526e+00 1.512660123676401458e-01 1.305827519452946106e+01
5.231691543624151564e+00 1.484091595660126939e-01 1.171226373261611897e+01
5.287950007443646072e+00 8.315382045031016744e-02 6.927502197099782322e+00
5.043039986796440388e+00 1.455489194738103509e-01 1.252503451221772757e+01
4.858184024105102417e+00 1.861031792611503588e-01 1.644247836648598593e+01
4.976315460797394508e+00 1.619244814994808823e-01 1.406010774911467109e+01
4.459809876722514943e+00 2.641331824014420127e-01 2.478757610872041539e+01
4.812228000940044659e+00 2.001985819898994823e-01 1.778282647693471219e+01
5.275731538542673071e+00 8.616912975398680063e-02 7.190754026030523605e+00
4.980997347286997723e+00 1.587677259442846212e-01 1.378642040763813981e+01
5.000031570084749966e+00 1.560485387731969098e-01 1.350691431076466031e+01
5.157407626538851986e+00 1.161270249492056816e-01 9.843889914031542787e+00
5.125742603597368330e+00 1.775982955651985162e-01 1.420532725010840736e+01
4.896791612356079959e+00 1.761530037588716346e-01 1.548577381675493214e+01
4.449152579312813494e+00 2.666764348831101583e-01 2.506397644677324266e+01
5.286606248920781681e+00 1.379040270504945098e-01 1.079388993705981825e+01
4.909946457375919060e+00 1.787904236369790567e-01 1.566216504073944904e+01
4.679342411368254240e+00 2.287839020503231457e-01 2.071934267015983622e+01
4.786640404975279317e+00 2.528579038164508463e-01 2.122584885804105781e+01
5.184254842273574582e+00 1.110861175457642513e-01 9.378644990016018923e+00
5.215159773205351179e+00 1.026282302980095484e-01 8.630504230350194206e+00
4.894068028069537668e+00 1.797833419378603304e-01 1.579647799890590498e+01
5.086302503779908335e+00 1.322182793332600803e-01 1.132076457157866756e+01
4.911557663850654620e+00 1.754595915505544612e-01 1.538081580278594629e+01
5.049951593102895764e+00 1.425564993949588188e-01 1.226039599226470322e+01
5.008397269184238887e+00 1.521745710905458293e-01 1.316309416330953397e+01
5.048695764554901544e+00 1.449536509221815428e-01 1.246154572013107398e+01
4.654756028246942456e+00 2.379477028301875963e-01 2.159751910682855680e+01
4.990637549700915443e+00 1.600570897546669535e-01 1.386582276473012953e+01
4.672427587237098834e+00 2.267454339176489253e-01 2.057381303075278112e+01
4.993297331686298079e+00 2.054389292903955055e-01 1.675228339509726183e+01
4.624304454339412729e+00 2.824095116419444440e-01 2.431711400038476967e+01
5.194090168529876372e+00 1.628883181885798226e-01 1.290278469961696928e+01
4.992396783875038935e+00 2.077030329522012164e-01 1.692833731780427442e+01
5.220267919431385906e+00 1.519836660209209767e-01 1.201054689682411869e+01
4.713942046446324419e+00 2.619438149326301923e-01 2.227092231147280899e+01
4.816476018129256964e+00 1.872951863772865377e-01 1.669415232760846379e+01
4.942547249478107751e+00 1.705651671416450466e-01 1.487719982480689396e+01
4.990398099195351378e+00 1.583834267589402101e-01 1.372729732980443274e+01
5.196476984869617510e+00 1.066041523423830184e-01 8.988977557294838050e+00
5.304889287925002250e+00 1.315010548800314150e-01 1.027212952571832716e+01
4.833016566919874357e+00 1.901916411337368218e-01 1.687194541075758281e+01
4.800665752903205963e+00 2.003912261617681323e-01 1.784251424271042197e+01
5.130176785404593431e+00 1.235834852493129243e-01 1.051209088870548847e+01
4.903444066039845062e+00 2.317267947693170405e-01 1.910491790412533675e+01
5.301432870666424435e+00 1.346297830523419670e-01 1.051575141196448371e+01
5.033450945379862596e+00 1.462151812388192418e-01 1.260546158956898566e+01
4.645385006233277991e+00 2.315091267901853156e-01 2.109361888659870132e+01
5.239175624689115018e+00 9.601802492407909839e-02 8.050195349991884797e+00
5.074839795357271477e+00 1.390784626068710672e-01 1.191316096556192328e+01
5.166509943451563558e+00 1.691458282325468965e-01 1.344946635005192448e+01
4.699216485266489052e+00 2.188167966577396761e-01 1.979095325379051928e+01
5.048947516170964711e+00 1.415323565449149446e-01 1.217896723438899897e+01
5.098523561452522834e+00 1.316677891282256874e-01 1.124672960748610606e+01
4.692253274837465682e+00 2.699145523694816973e-01 2.299925441264765880e+01
4.997685164705665706e+00 1.544933054784940474e-01 1.338539130455585813e+01
4.928173656016077153e+00 1.704565719287148007e-01 1.491217786312850535e+01
5.282575025570912963e+00 1.411756517660349153e-01 1.104980411371820992e+01
4.830714848732990063e+00 1.904085874000944201e-01 1.689849431434389970e+01
5.237840796650740316e+00 9.595992524658297773e-02 8.047562708247649965e+00
4.891566019229557583e+00 1.815221956831162831e-01 1.594828483491231808e+01
4.857009747990447934e+00 1.869218294143073777e-01 1.651543197611808367e+01
5.178987822469997226e+00 1.625899029933153828e-01 1.291918648844032269e+01
4.431139548717361265e+00 2.693775923323239452e-01 2.539189648319213433e+01
5.254397417360956446e+00 9.257773231928848046e-02 7.745192574107173655e+00
5.083931908338962025e+00 1.354575226434683588e-01 1.159293996118587700e+01
5.077031102033122245e+00 1.391004349167886400e-01 1.190980246045837454e+01
5.205391319208108492e+00 1.604088215388017047e-01 1.268531857543157670e+01
5.099072133870433454e+00 1.319957174033906389e-01 1.127299047802957688e+01
4.960890170569872026e+00 1.623707884742597307e-01 1.414270191972037338e+01
4.886327966194500050e+00 1.828124935444879751e-01 1.607370012221753086e+01
5.183875140221690714e+00 1.095579906796781550e-01 9.254193853170979978e+00
5.236747362965092023e+00 1.494965668741506382e-01 1.178198834911950321e+01
5.150169440053703696e+00 1.172872574293553349e-01 9.953669357269825824e+00
4.977326482000228758e+00 1.603996797008346575e-01 1.393085167865811336e+01
4.990401420519077647e+00 1.582287170363007311e-01 1.371413574585307593e+01
5.021295394129160705e+00 1.509460743039573172e-01 1.302744580169972721e+01
4.884823802416707217e+00 1.805476849034940157e-01 1.589060098143929345e+01
4.800832673910992554e+00 2.015676493222357812e-01 1.794080255686930769e+01
4.967141549623366181e+00 1.620816007074319942e-01 1.410067971586846625e+01
5.134960453219777676e+00 1.216292867492401591e-01 1.034148147482025415e+01
5.209556302477112766e+00 2.186825038413754418e-01 1.621447461721632166e+01
5.374438417081866426e+00 1.146071694700120519e-01 8.868392530043189836e+00
5.055982939828735034e+00 1.960920631603085551e-01 1.582756481526405956e+01
4.847399480435935715e+00 1.874351285326235628e-01 1.659149801499165022e+01
5.232195434121252653e+00 1.466748063539540792e-01 1.157926376135227997e+01
5.031988690053122326e+00 1.465009121038682582e-01 1.263170075122536673e+01
4.874209160067357161e+00 2.346684410378983010e-01 1.944740874241340478e+01
5.140366320281483326e+00 1.745976697578653924e-01 1.393536008363540901e+01
5.141838872987051445e+00 1.713683824765712127e-01 1.368648911501850485e+01
5.009062933775244808e+00 1.522889631107429698e-01 1.317196755344633630e+01
4.855337126360125488e+00 2.403643218269495840e-01 1.996567030155446432e+01
4.971197615225943167e+00 1.633618730869672853e-01 1.419404761576237384e+01
5.146234093097031170e+00 1.606182948766291252e-01 1.286010849138195233e+01
4.865333983826331199e+00 1.858130039821870305e-01 1.639447554356123504e+01
5.214775800627126756e+00 1.026680664379653329e-01 8.634624800819629797e+00
4.646036654989577741e+00 2.276422271257219909e-01 2.077303212577718838e+01
5.115929080639002535e+00 1.258183058321585002e-01 1.072635334434375132e+01
4.776585501655061350e+00 2.050083253142181983e-01 1.832083344181326368e+01
5.213419806043431137e+00 1.554791796484494282e-01 1.229134926283729889e+01
5.022377141393513433e+00 1.533197650279692348e-01 1.322151151983671724e+01
5.163397301870769951e+00 1.711716983779940360e-01 1.361270357422679744e+01
4.861191995835842938e+00 1.884743125256305440e-01 1.662919011009130088e+01
4.885539286030748940e+00 2.271602554362934789e-01 1.883158390120003745e+01
4.712035175299917000e+00 2.147056087254007040e-01 1.939048723225523219e+01
4.517569756825445815e+00 2.596755489876932943e-01 2.409776628119263364e+01
4.946462326592200753e+00 1.667243967950245431e-01 1.454623356160153058e+01
5.059825865052228977e+00 1.369884094173441091e-01 1.177676770350010926e+01
4.958705056815772672e+00 1.630431272767883799e-01 1.420443080911303291e+01
5.113760685766304270e+00 1.267609463320778229e-01 1.080880047845768743e+01
5.053837657188738675e+00 1.420091699001239938e-01 1.220543843901306857e+01
5.055202967510699530e+00 1.433080660256332572e-01 1.230947153032987273e+01
4.935651388164632891e+00 1.696665615537005789e-01 1.482395702964137030e+01
5.114006322492987699e+00 1.784206341902311865e-01 1.430243277517409339e+01
5.153344672252144321e+00 1.690167054067077401e-01 1.347581339854373361e+01
4.748634562267138648e+00 2.095752066133315661e-01 1.881216995795220726e+01
4.941777262018470118e+00 1.629353057457918752e-01 1.424554035387992457e+01
4.516987439449830610e+00 2.564647307104302998e-01 2.382688590695350683e+01
4.993709550973668421e+00 1.567653663034619116e-01 1.358418108206713626e+01
5.121681811236153514e+00 1.801789228091877082e-01 1.441347761767905489e+01
5.080561307168698804e+00 1.869870881644127847e-01 1.505576934038351666e+01
4.875561418411175296e+00 1.833218613245684026e-01 1.615230443051616405e+01
5.079732037156360569e+00 1.379550901459032919e-01 1.180842940622581239e+01
4.971299576867884262e+00 1.633568595495249465e-01 1.419302446110114602e+01
4.928425882315115025e+00 1.719454125361092878e-01 1.503583013817848268e+01
5.084650994109961353e+00 1.323789495382116377e-01 1.133779540369823380e+01
4.890647374256674951e+00 1.783002752595459484e-01 1.568348778842427294e+01
5.021992528717188264e+00 1.506342180715232737e-01 1.299993694494585483e+01
5.310998617875153371e+00 1.300354997457245920e-01 1.014922169124826823e+01
5.205361282966034508e+00 1.600006032706001169e-01 1.265521570644173899e+01
4.944153837462262224e+00 1.694043526578214998e-01 1.477568238936821921e+01
4.925886530937730434e+00 1.749421689833560722e-01 1.529187239512455321e+01
5.371532087755395146e+00 1.135573934161565463e-01 8.794649149726465609e+00
5.135411004812455715e+00 1.209829857308877404e-01 1.028754703373714818e+01
4.831736835956339071e+00 1.932255670752933419e-01 1.712988033962078660e+01
4.991465846546093488e+00 1.550354910876508563e-01 1.344703437328013607e+01
5.087952505612560294e+00 1.315101847892373443e-01 1.125873629921782282e+01
4.939017393212735918e+00 1.703710718049758488e-01 1.487276729394409713e+01
4.694253034502949617e+00 2.165235166410973133e-01 1.962558777153719447e+01
4.838125875512639062e+00 1.944844404626761003e-01 1.721209789825006808e+01
4.617035051555337333e+00 2.373372547959298751e-01 2.171712353626641701e+01
4.975436682582647485e+00 1.588741567182356818e-01 1.381059448467251372e+01
4.780824124019639854e+00 2.504623812326391419e-01 2.107312347280037912e+01
4.898977418301923237e+00 1.788674478232871734e-01 1.570301893037726693e+01
4.773033633095402628e+00 2.082266334288846998e-01 1.860426818264102877e+01
5.015696824018147204e+00 1.522061166761003170e-01 1.314662280103198455e+01
4.987156449887000242e+00 1.571529169604901077e-01 1.363378266707786324e+01
5.100660156680478785e+00 1.312974666002322266e-01 1.121185174887802383e+01
4.987143616486437558e+00 1.600745346971944039e-01 1.387603570709235790e+01
4.665444835079241237e+00 2.323646901232825634e-01 2.107985790673631499e+01
4.491893198178068758e+00 2.579538970636299222e-01 2.408881269122519342e+01
5.193926143878792701e+00 1.057859837733547137e-01 8.927388852308309808e+00
5.353947712673558179e+00 1.167817095570230501e-01 9.069111192278811018e+00
4.737486428923842752e+00 2.029386725334628438e-01 1.830384742685505017e+01
4.834261231933496106e+00 2.476551576443463409e-01 2.061665716215678046e+01
4.799674309588604970e+00 2.012298104696626233e-01 1.791639010134218424e+01
5.129314268650256636e+00 1.754874925117502760e-01 1.403405104163130623e+01
5.219831992547454114e+00 1.536863578843244427e-01 1.213969705871995686e+01
4.867992719321549089e+00 1.893795491149573851e-01 1.668306125081242186e+01
4.770271955167403100e+00 2.000210154601326507e-01 1.793305063528265464e+01
5.247588099512479509e+00 1.480445071044906580e-01 1.164693464454373917e+01
4.970809812558951712e+00 1.602492447626521488e-01 1.393790376493974215e+01
4.763427637389361813e+00 2.070451628456218551e-01 1.854208086187564319e+01
5.302528703619948658e+00 1.327860838749741479e-01 1.037388275093558754e+01
4.532849434530955790e+00 2.480407316042094468e-01 2.303514046867151777e+01
5.006692196766707070e+00 1.505038647915940275e-01 1.303018829393228017e+01
5.289282837256187086e+00 8.267226975764975505e-02 6.886554904581496217e+00
4.723942633854072426e+00 2.153608486674414568e-01 1.939649673609924463e+01
5.110377531850279098e+00 1.802574434879873899e-01 1.445359872901488885e+01
4.697206876666623288e+00 2.158046033818362963e-01 1.955252268546086469e+01
5.144728752620401302e+00 1.211897097827736164e-01 1.028512298677635428e+01
4.970311892409900345e+00 1.651296056389073286e-01 1.434402128572520141e+01
5.080748518119308166e+00 1.895481873510123094e-01 1.525100544961615157e+01
5.206899149388069858e+00 1.575979011187911005e-01 1.246820245903324675e+01
5.243794350539881854e+00 1.477979870678046148e-01 1.163702174871466966e+01
5.159505136973985273e+00 1.680524683049139656e-01 1.338611743473545879e+01
4.994047251380693275e+00 1.539716363979080627e-01 1.335160178334804826e+01
4.950591043269668035e+00 1.692451474219970886e-01 1.474319150856145555e+01
5.162440488616956813e+00 1.713737650394436540e-01 1.363050707740025302e+01
4.466234947754379903e+00 2.637179542853684278e-01 2.471977817321504034e+01
4.640984935146984292e+00 2.277545157537989862e-01 2.080463822439967458e+01
4.658255743394651205e+00 2.216554924645192381e-01 2.021209263871801909e+01
5.185227676038826061e+00 1.646463259818097546e-01 1.305823638643152584e+01
4.838530496094485933e+00 2.375918459087966172e-01 1.982772600363524163e+01
4.903892569957767122e+00 1.785664878344629114e-01 1.566369293866068091e+01
4.920913236981380834e+00 1.717065559551959886e-01 1.504013963808981202e+01
5.129798681414449391e+00 1.793931696511594509e-01 1.433140207344125727e+01
5.301783002885115614e+00 7.931346115810690434e-02 6.596180760596666914e+00
5.101846812117027063e+00 1.865792445510025266e-01 1.496018774761256864e+01
4.565979482711731485e+00 2.436840442705235643e-01 2.250286469016731417e+01
5.000031570084749966e+00 1.560485387731969098e-01 1.350691431076466031e+01
4.760573882631818243e+00 1.999789869918431606e-01 1.796537483117680978e+01
4.419270368174095687e+00 2.729440105453094234e-01 2.576586670000965995e+01
5.187795803474045897e+00 1.090512123972257608e-01 9.205370950720642043e+00
4.873602293525399531e+00 1.811919396976448271e-01 1.598036521044353542e+01
4.966658395042848007e+00 1.675883729992170001e-01 1.455873047352824301e+01
4.985794938556153966e+00 1.576470908374438817e-01 1.367828484120637533e+01
4.873905551280793169e+00 1.888206151429539514e-01 1.661687671492465057e+01
5.174030183212926737e+00 1.671806936382678188e-01 1.328046406716785377e+01
4.956736931897844478e+00 1.629606141040158829e-01 1.420340514534940368e+01
5.005983000459195864e+00 1.547938599490232547e-01 1.338680921990471617e+01
4.719359558291978729e+00 2.194821964074527287e-01 1.976305884301280713e+01
4.553426394312887204e+00 2.507594136678130137e-01 2.315852326985469034e+01
5.011305761176877205e+00 1.519297600725588449e-01 1.313509885489465923e+01
4.880123923825350651e+00 2.389846842328321452e-01 1.975803109944749281e+01
4.830970376350377293e+00 1.931030699110644344e-01 1.712250228376380790e+01
5.050993759085572243e+00 1.941574688069148680e-01 1.569622061788151157e+01
4.904880340552590035e+00 1.766562357517980908e-01 1.550013007119291508e+01
5.252390682895226703e+00 1.460902503984699008e-01 1.148818719320049908e+01
4.970900664315651696e+00 1.651021500675668996e-01 1.434027156382473045e+01
4.715957676623329320e+00 2.161608170337412649e-01 1.949720476313564177e+01
5.145273363057429883e+00 1.744919084125421127e-01 1.391441496619986218e+01
5.017466096250373653e+00 2.024412371850752013e-01 1.643984417618852234e+01
5.080400443327564020e+00 1.369513682057651727e-01 1.172382855298059035e+01
5.225775474997689685e+00 1.543302782828285258e-01 1.217498498841465704e+01
4.796316119632298758e+00 2.474579483543620506e-01 2.077189187951159610e+01
4.759310353635570756e+00 2.105391301886744559e-01 1.885083914792129534e+01
5.399492213793028128e+00 1.069033359287009655e-01 8.247651905465129829e+00
4.781412345381148121e+00 2.028753563808444182e-01 1.812336117026957183e+01
5.356177293361519709e+00 1.188742084390640996e-01 9.221852940722349956e+00
4.833001392614700187e+00 1.915421873038800071e-01 1.698631637457358323e+01
4.886717057716725598e+00 2.311256655934066928e-01 1.912345825717781267e+01
4.993423296265040889e+00 1.567459458621016377e-01 1.358296038356400359e+01
5.081910859409889625e+00 1.859378601274002119e-01 1.497122252275695509e+01
4.972369404065949183e+00 1.576832640677423292e-01 1.372085645966515344e+01
4.869141733009872297e+00 1.848300298483450677e-01 1.629927604926684381e+01
5.030553223583941858e+00 1.480665676323733304e-01 1.276482668730336911e+01
5.032547740405064474e+00 1.475028863421398717e-01 1.271346458972793059e+01
4.599911872086487108e+00 2.410651443097945601e-01 2.210991698969428398e+01
4.649070469191924460e+00 2.271506145419189826e-01 2.071805096314667338e+01
4.609927655857754658e+00 2.454602585942864679e-01 2.243867769621225250e+01
4.661019617918074509e+00 2.232207585848065556e-01 2.033253966192035023e+01
5.041147825807200888e+00 1.418748517103783358e-01 1.222676589314482065e+01
4.792854901991812078e+00 2.028446495831455754e-01 1.807703386637576770e+01
4.743468599944523412e+00 2.045917966454382231e-01 1.842037419994210978e+01
4.717557785467676013e+00 2.181404994341171188e-01 1.965921169832658677e+01
5.102290149403306607e+00 1.817191586436352480e-01 1.458841382046280089e+01
5.014124581053511776e+00 2.035447671331957753e-01 1.653596237030949467e+01
5.302103161727059089e+00 1.330316906431746327e-01 1.039335412751807119e+01
5.308184046625854080e+00 1.312851411112327116e-01 1.024921280682375802e+01
4.494006418930876379e+00 3.104306255826795313e-01 2.723844503767388758e+01
5.324781377160117124e+00 1.274102225936960264e-01 9.923740473096684056e+00
4.672987551060515443e+00 2.312330802055474199e-01 2.095014784693424659e+01
5.269903325371501523e+00 1.411214750340417101e-01 1.107299640362563409e+01
4.781724060783401953e+00 2.018716792120220926e-01 1.803771627086018370e+01
4.832580005527177036e+00 1.840375484166145992e-01 1.636458986622153589e+01
4.554769038395621195e+00 2.459254522733287929e-01 2.274773592437934155e+01
4.941054548198222207e+00 1.685534720926558649e-01 1.471376549066389927e+01
4.769480284649395330e+00 2.037364386253112392e-01 1.824017878810945348e+01
4.990005792560886277e+00 1.555947532128297561e-01 1.349759488913033501e+01
4.817926452928225522e+00 1.961726808154432566e-01 1.742556917002503880e+01
4.763282870213085829e+00 2.001542675640837488e-01 1.796997317898457425e+01
5.003291403043945706e+00 1.528952034483963274e-01 1.323788449667212141e+01
5.057701454416703157e+00 1.389676381449859721e-01 1.194470150791369889e+01
4.954441593148188439e+00 1.550182751019989202e-01 1.355529503911416711e+01
5.296559150089009016e+00 1.329056219053190435e-01 1.039532603373384312e+01
4.863609474275136790e+00 1.843653729490924431e-01 1.627868833015050498e+01
5.101137197524594491e+00 1.300865013373530277e-01 1.111061472474966649e+01
4.961510506048232294e+00 1.644672781746484014e-01 1.431375853042730739e+01
4.918229663826270581e+00 2.272957773296297446e-01 1.870570225485559845e+01
5.160864175703526513e+00 1.151222787068955783e-01 9.754611016311015348e+00
4.799126680584402393e+00 2.545575280057111311e-01 2.130389669438736888e+01
5.247010687813283170e+00 9.424815344946840812e-02 7.893260641721163040e+00
4.899177135905693703e+00 1.768971993078116145e-01 1.553913330400630954e+01
5.084764028789093615e+00 1.866169102334120644e-01 1.501487282332933582e+01
5.146692533866817243e+00 1.698899458836082288e-01 1.356048480931051792e+01
5.277751394445989952e+00 1.436746178815440089e-01 1.124967769176635457e+01
4.922552220654058175e+00 2.283171847553564227e-01 1.876950478446946491e+01
5.079856048796740353e+00 1.375999204881929727e-01 1.177903744154734333e+01
5.067007727410548057e+00 1.379674201622348995e-01 1.184108224670589138e+01
5.050210920286264837e+00 1.413887546726921574e-01 1.216428689929047202e+01
5.320214338602813342e+00 1.283575185569799937e-01 1.000485688609742496e+01
4.527451504957418216e+00 2.502264937170493586e-01 2.325033996800153346e+01
5.100084267011547823e+00 1.285510336423902611e-01 1.098743769079488786e+01
4.995666977221814520e+00 1.544569363493005776e-01 1.338769582274714764e+01
5.021246339051718799e+00 1.484694264637263228e-01 1.282351470277584937e+01
5.194178283959352882e+00 1.066947087352173723e-01 9.000594126065589506e+00
5.133643204396557636e+00 1.215460687145588359e-01 1.033754264701118686e+01
4.986188429990344950e+00 1.573532646520620359e-01 1.365308799236169968e+01
4.678275113919855066e+00 2.291947289438903135e-01 2.075541986951845175e+01
4.650646409400861714e+00 2.294552444389135193e-01 2.089727122384581293e+01
5.062982761082193583e+00 1.416521354800985844e-01 1.215420436713266561e+01
5.083768466365548022e+00 1.876065428841305616e-01 1.509342580240644871e+01
5.078035024248429785e+00 1.361034043001551896e-01 1.165970232269509133e+01
4.948332223383766326e+00 1.677436958125664013e-01 1.462475804000373358e+01
5.133124833203470239e+00 1.216780698593418197e-01 1.034926425307597597e+01
5.285324778992904093e+00 1.373538422995999042e-01 1.075518058274429833e+01
4.923031953936672700e+00 2.285578006397087636e-01 1.878734434276140419e+01
4.953925857103437913e+00 1.687619302150160372e-01 1.469565018095813258e+01
4.885988195541179913e+00 1.803989342155574438e-01 1.587400375614933878e+01
4.977373558175086643e+00 1.560734611110170256e-01 1.357298629007893886e+01
5.011473005143762371e+00 1.529705113200638400e-01 1.322135498102900542e+01
5.018432866744829468e+00 1.479729574918786095e-01 1.278960232915324013e+01
5.190162721230707987e+00 1.076113232266069919e-01 9.082804316523898081e+00
4.967177281135453093e+00 1.649650375579544415e-01 1.433910847427937973e+01
4.935916577716640496e+00 2.229475279300711377e-01 1.830406702534549268e+01
4.873445553372334871e+00 1.875839439706736278e-01 1.651467049342354443e+01
5.063694024417383588e+00 1.933166159175857823e-01 1.559118800614707290e+01
5.017488668280814856e+00 1.511682796906522463e-01 1.305581305143199167e+01
4.996381169039870507e+00 2.060508529545329037e-01 1.678752331884007987e+01
5.192455546414334044e+00 1.591790932941293257e-01 1.262545468681255478e+01
4.968670338199786762e+00 1.597906168642591884e-01 1.390550153923143384e+01
5.308729786385002924e+00 7.743213535815361703e-02 6.433892096594804322e+00
5.082622121960468142e+00 1.353666419066479609e-01 1.158831025226146494e+01
4.915687746607068753e+00 2.235868810052542011e-01 1.842912317089300700e+01
4.957867202006147167e+00 1.657940631608497417e-01 1.443437096519946294e+01
4.887190994250956599e+00 1.793621864092355411e-01 1.578304799251269230e+01
5.034812875322066006e+00 1.472189465351444460e-01 1.268415740161193916e+01
4.980939530159170126e+00 1.607535927777371532e-01 1.395005750797982280e+01
4.970068048746838052e+00 2.191436796285962108e-01 1.788698183804016750e+01
5.225221263658474946e+00 2.123657815803108861e-01 1.572107003242573597e+01
5.121754213173481673e+00 1.268869686098242355e-01 1.080203827546703543e+01
4.983691038074618440e+00 1.588591663284085187e-01 1.378621107730688777e+01
5.180300370065612725e+00 1.077801923113154148e-01 9.115439311613249274e+00
5.387063061433535083e+00 1.102052377309314241e-01 8.516078369382222846e+00
5.194930355486105711e+00 1.084543103245605156e-01 9.143534620177504735e+00
4.614283113770663469e+00 2.289370307422914363e-01 2.102391986819430514e+01
4.934337479173640517e+00 1.670348489731128261e-01 1.460934730693681516e+01
5.228088866005421664e+00 1.004205247040724780e-01 8.428461629094975649e+00
5.138489267107063441e+00 1.744080238192399213e-01 1.392629555313087764e+01
5.152360371041922349e+00 1.698491020849009492e-01 1.354188681194207433e+01
4.769086988347042144e+00 2.060958641347419851e-01 1.843865343076129193e+01
5.077145055330492873e+00 1.347479630362025393e-01 1.155079834585681553e+01
5.112090999552750148e+00 1.284546540805108772e-01 1.095226793280740907e+01
4.463520613086770616e+00 2.685147485376079834e-01 2.514745615713264115e+01
5.166921341194752770e+00 1.649496368670652635e-01 1.312983034363814383e+01
5.088164927329795972e+00 1.875545843134820145e-01 1.507576834647782960e+01
4.807123236289473134e+00 1.974392123414803468e-01 1.757023537716412420e+01
4.919937756417732899e+00 1.740443486365383929e-01 1.523558682616649129e+01
5.174038383591617496e+00 1.136259405107861303e-01 9.606031155526308041e+00
5.079060383364844888e+00 1.363485593760540848e-01 1.167778377412522417e+01
4.963217925379916018e+00 1.620245062727850571e-01 1.410662949009872413e+01
4.538637761798277381e+00 2.464737382043795944e-01 2.287331112392970311e+01
4.972901197697434661e+00 1.625293924627339570e-01 1.412056804389931308e+01
5.216111957966622192e+00 1.003826541020038238e-01 8.445165776234986765e+00
4.873255208125543803e+00 1.823358787559413163e-01 1.607709791922396292e+01
5.145592060448273664e+00 1.737599260003867829e-01 1.385724066015162492e+01
5.059636850525770058e+00 1.393435772765315439e-01 1.197107050911148818e+01
4.745765369643636156e+00 2.034733193940048424e-01 1.831670679541143798e+01
5.158226620692584419e+00 1.180890246796955090e-01 1.000327426586235902e+01
4.728222848488439212e+00 2.151477134871999652e-01 1.936245401477737005e+01
5.287048941012483461e+00 1.361463784073116690e-01 1.065990270894949177e+01
5.266001763386888079e+00 9.037864422593341884e-02 7.548309712587228049e+00
4.936127073218581351e+00 2.135748065508003279e-01 1.758790679548675584e+01
4.990509413405766814e+00 1.574230271911498114e-01 1.364690576885009676e+01
5.174696049056724867e+00 1.120438204501819496e-01 9.475412373008866851e+00
4.963150533503807971e+00 2.062385168430874993e-01 1.692466311192924877e+01
5.094563494178216523e+00 1.315434887048998192e-01 1.124569628642477426e+01
4.981093580407046417e+00 1.580454751849474093e-01 1.372446309618843685e+01
5.040417841969916601e+00 1.431565840057847927e-01 1.233456144484322436e+01
5.195231341129515457e+00 1.063961233932843170e-01 8.974276035123125439e+00
5.234908912209659704e+00 1.509984775091628151e-01 1.190050037083124401e+01
5.074715428827053287e+00 1.881109483138437843e-01 1.515939004469405127e+01
5.148769135097906791e+00 1.193632231745823946e-01 1.012685151379943704e+01
4.978584822887211381e+00 1.620241999146917189e-01 1.406216110819390863e+01
4.902045480412144940e+00 1.767438790790871184e-01 1.551695100500989000e+01
4.984040701324122580e+00 2.137723191626160479e-01 1.742398775284875256e+01
4.836269451836411548e+00 1.931300253727559757e-01 1.710439195069859153e+01
5.015105915580385876e+00 1.487586447401021972e-01 1.286305184585783579e+01
5.154064219315307227e+00 1.731636147580431218e-01 1.378941106836708741e+01
4.753390567440680670e+00 2.112301736576085720e-01 1.893191306444042254e+01
5.042221481838968344e+00 1.982061540568429148e-01 1.603501737294291374e+01
4.995200068556437500e+00 2.079551822171618880e-01 1.693822429994987644e+01
4.621627651649304447e+00 2.317110185560725677e-01 2.122657760764409218e+01
5.113721522707521672e+00 1.813417563936409183e-01 1.452537650185187346e+01
4.917289891408038294e+00 1.746905715591051123e-01 1.529894895357803897e+01
4.873787839164635649e+00 1.852880821744274376e-01 1.632281150010775761e+01
4.927090395577763182e+00 1.712347080904307872e-01 1.498054871894870566e+01
4.973236220562563759e+00 1.643970478249762723e-01 1.427538465832104109e+01
5.468639850045674322e+00 8.893499234741925052e-02 6.799364823514418177e+00
4.942285753413527161e+00 2.201802783050569035e-01 1.806682417474169355e+01
