4.761579423010497081e+00 3.262634771324349203e-01 1.514925606428111138e+01
5.460047504488986903e+00 3.539269618973144294e-01 2.658635403937613262e+01
5.114186378469721461e+00 3.418521998851095645e-01 1.434081554562953009e+01
5.075042171983725758e+00 3.413309619546853191e-01 8.179554910793630285e+00
5.294425736039280572e+00 3.482314808169105214e-01 1.738780757669417909e+01
4.764047860895832542e+00 3.264047926359084362e-01 1.842393906682134030e+01
4.690436598549901248e+00 3.234768927957761830e-01 1.816913089175619689e+01
4.474501148077813184e+00 3.153881515313261552e-01 1.107601126713329620e+01
4.850385142253975879e+00 3.304520412027639464e-01 1.554040017626519621e+01
4.643552343920386960e+00 3.199267054653945896e-01 2.462907178503638761e+01
5.009711665158185667e+00 3.372623615017942278e-01 1.536782077373138833e+01
4.569157055375600684e+00 3.198359238734345134e-01 8.854854748899393613e+00
4.444104166170971482e+00 3.125391232534949215e-01 1.791358656291685492e+01
5.277037351633220297e+00 3.485794104105168212e-01 1.469686830327495741e+01
4.162641123674045041e+00 3.008774651948550316e-01 1.778909034500122388e+01
5.269653392535827763e+00 3.472351145727805566e-01 1.975200607722969082e+01
4.744591464758483035e+00 3.273704515123365133e-01 8.205686561560506576e+00
4.874645163907453949e+00 3.317034819052466221e-01 1.345883884387341389e+01
4.880847965635532582e+00 3.322934193412164783e-01 1.111083673875540967e+01
5.037280575438664698e+00 3.390076736046556127e-01 1.184488948285416754e+01
4.566312603145149751e+00 3.188242940470435438e-01 1.307329041466006636e+01
4.149486179409581865e+00 2.981062407957860705e-01 2.365618070104570947e+01
4.810451667867590153e+00 3.296704324969534916e-01 1.089704585232102474e+01
5.674030345741122972e+00 3.643117109328427028e-01 1.624189967762124098e+01
4.748221633496872762e+00 3.250641380717779749e-01 1.590643677967442571e+01
5.563165744653121969e+00 3.612485806801368771e-01 9.943444050571153880e+00
5.551719203557880178e+00 3.589750731454288690e-01 1.855792774133395540e+01
4.579775999724774671e+00 3.190824290073420166e-01 1.567118252233965237e+01
5.348443049192990628e+00 3.520351637340627393e-01 1.149675047390990734e+01
5.231236372623025765e+00 3.464208692875023754e-01 1.573409636586357330e+01
5.240517983430505566e+00 3.477315788375985872e-01 1.054238333104339098e+01
5.271312231109142488e+00 3.474075612357936937e-01 1.895167950328840689e+01
5.375786139440926981e+00 3.533727358247624184e-01 1.176708693554134832e+01
4.889867626573476400e+00 3.324160015079655195e-01 1.473452993868480121e+01
4.850706121044625618e+00 3.295852869954828956e-01 2.052687978869896313e+01
5.138848479753375109e+00 3.435533538659369945e-01 1.180801374304711437e+01
5.384895704593974486e+00 3.534474216745032149e-01 1.205066062853464182e+01
5.796016906500994992e+00 3.709599741984037080e-01 1.019072218413878694e+01
4.904831727769601635e+00 3.305172559758209339e-01 2.608532662130425805e+01
5.446080633244392288e+00 3.542355296804792775e-01 1.952726361767671648e+01
5.128933559778030116e+00 3.426950271221020916e-01 1.329502633128293176e+01
4.210865941713315408e+00 3.003191452825672569e-01 2.567757939532506839e+01
5.275701682480891996e+00 3.479376874365510686e-01 1.752935866465554682e+01
4.406676469882682134e+00 3.093284989133196494e-01 2.499420899110243965e+01
5.907487868986192936e+00 3.755024004358809009e-01 9.520942625075178967e+00
4.554727192616081055e+00 3.181100927638711995e-01 1.401084229893238131e+01
4.983400397368172641e+00 3.357887665076219053e-01 1.577793086244470011e+01
4.948187347291830740e+00 3.339740468649693983e-01 1.808413923461969830e+01
5.390558335332769069e+00 3.533987909726546417e-01 1.494875820577231273e+01
5.428959967005454246e+00 3.534769840506730154e-01 1.995931049598474161e+01
5.550456918428666953e+00 3.590055339546148749e-01 1.866624057133221370e+01
5.390204277896082807e+00 3.534073183828531084e-01 1.414504608223826132e+01
4.934738055082775965e+00 3.333859570466571887e-01 1.764103618706317533e+01
4.646023802835372862e+00 3.197695719813190007e-01 1.946966994868626699e+01
5.233113953490962977e+00 3.458174190007967663e-01 2.085660975010585005e+01
4.918498882497916114e+00 3.333721270064216591e-01 1.372460910917535770e+01
4.331466338792543169e+00 3.072935584940096887e-01 2.230737947214165473e+01
5.063427747290011105e+00 3.377655654694004528e-01 2.139427197630007171e+01
4.702546933065018031e+00 3.236290676282083667e-01 1.749173542633576162e+01
4.436757431619607672e+00 3.105979565269706422e-01 2.333667765941163452e+01
4.507310753336697395e+00 3.151067799880056808e-01 1.852287434778209985e+01
4.991985950080077394e+00 3.367029603377018065e-01 1.522116291343685468e+01
4.705435154064860903e+00 3.232306415966427759e-01 2.021219776359600928e+01
5.231986865048887658e+00 3.466867812504113577e-01 1.596066702138831239e+01
4.541652460141174963e+00 3.174907613828691910e-01 1.511172880627271731e+01
5.224453421891365856e+00 3.469613207048983794e-01 1.089916574604762900e+01
4.824473053379770171e+00 3.302522994273489609e-01 1.132644094562638415e+01
5.415328525606601495e+00 3.537599999295932829e-01 1.777423521619226676e+01
4.405001102318145456e+00 3.099591215782344644e-01 1.912397401015565279e+01
5.005321473387088105e+00 3.371668411759566886e-01 1.557714331521153639e+01
5.319354748153666712e+00 3.496980057030179001e-01 1.793837649819158742e+01
5.330097403560254854e+00 3.504639525423103308e-01 1.706080566705579926e+01
4.930497299773220377e+00 3.334330794003482756e-01 1.878847025988729058e+01
4.926949218765065197e+00 3.333887438057651642e-01 1.728498508666315914e+01
4.792577694770351115e+00 3.256698815939693126e-01 2.339454902018590943e+01
5.031572440469755492e+00 3.385750216875369478e-01 1.431583619444909772e+01
5.873226992958834103e+00 3.735265748377203376e-01 1.326842759417519524e+01
4.693271071898926117e+00 3.235086157887530622e-01 1.716300096236698280e+01
4.307746767318247016e+00 3.075029006540700438e-01 1.416085099033650785e+01
5.036366687654548535e+00 3.388135393121938788e-01 1.255231922798043520e+01
5.230058106624583480e+00 3.468000519223327638e-01 1.121930126468317290e+01
5.710695381030257423e+00 3.658974365160798659e-01 1.695278420519741402e+01
5.003366614517892330e+00 3.368377375633584414e-01 1.626991833137403276e+01
5.443430566973344931e+00 3.546409087195484533e-01 1.757184860635370782e+01
4.391487406028476315e+00 3.090034500223340919e-01 2.158273788779844793e+01
4.702393648180465568e+00 3.238725482922117371e-01 1.772542008344295539e+01
4.956944178542888935e+00 3.344569632038512652e-01 1.795695935175202251e+01
4.974894054047387826e+00 3.346642994214494293e-01 2.025452593432338233e+01
4.530747767180887564e+00 3.169144845436276392e-01 1.616217371190418106e+01
5.499031166794642544e+00 3.566808686421339414e-01 1.992642297005399854e+01
5.846359736315943856e+00 3.704089655534116843e-01 2.295633347320642770e+01
5.383826150350077278e+00 3.536856918656421933e-01 1.068004932814103647e+01
5.479715910061413453e+00 3.546873808411568629e-01 1.951729610928147451e+01
4.840525751291793632e+00 3.313484653312472328e-01 8.796122238970109919e+00
5.189173925242549501e+00 3.447474881215751852e-01 1.615711553922556121e+01
4.397810457395220141e+00 3.109997958775785332e-01 1.632387273361356606e+01
4.961171975962181513e+00 3.343323494138762952e-01 2.000702168843292839e+01
4.932926116660805604e+00 3.332634436571769720e-01 1.928004015285403483e+01
4.250714066151999759e+00 3.049627988913876653e-01 1.400833542091215733e+01
5.644752000343884468e+00 3.641565801267696578e-01 1.304697373272529859e+01
4.884462820750129275e+00 3.333504232725941763e-01 7.700619998677828093e+00
5.059824438303174077e+00 3.398393053891299309e-01 1.114275115737364885e+01
4.900095350974396524e+00 3.334560700127073840e-01 1.172250452201584636e+01
5.703948719147190261e+00 3.660735764301025763e-01 1.421739934832192986e+01
5.180488898146997201e+00 3.447901876515367947e-01 1.264219792972312995e+01
5.043672787831467552e+00 3.382634858624473106e-01 1.654242519087923569e+01
4.604732337814335885e+00 3.200026612853675290e-01 1.487254053911834539e+01
4.180252285068214668e+00 3.031548585436766863e-01 9.658532012971711822e+00
4.381695271137926895e+00 3.088683197258810798e-01 1.884157747878136746e+01
4.968184471362666166e+00 3.355015049020300122e-01 1.651200141477430705e+01
4.959108277338917681e+00 3.346251173288797287e-01 1.630893247116899758e+01
4.784574289959619975e+00 3.254606811481701167e-01 2.936080863572050603e+01
5.251688811679447788e+00 3.481231080077727413e-01 1.183332804814734196e+01
4.753911428891623103e+00 3.266811213330021446e-01 1.273773498886945532e+01
5.327650426258263572e+00 3.511906964414728827e-01 1.210663627232779405e+01
4.796985060783954147e+00 3.277414788988574079e-01 1.664831614262741510e+01
5.242577200039034047e+00 3.470966276808311046e-01 1.478104104187849721e+01
4.165960841882273336e+00 3.012916523377916489e-01 1.630819894839731177e+01
4.695721032696931196e+00 3.232909609531596229e-01 1.762839964144550464e+01
5.304720653122740437e+00 3.499010568123285814e-01 1.325408022740214875e+01
4.972356404870551749e+00 3.362884460686502153e-01 1.367611517302792556e+01
5.492227235422702414e+00 3.567316493740279593e-01 1.626926048835153438e+01
5.179337804155689895e+00 3.448279291165367577e-01 1.357386551264055541e+01
5.218032918233522111e+00 3.464946656092892652e-01 1.255616869229789856e+01
6.072996692863418922e+00 3.803808559388494603e-01 1.978913228803602919e+01
4.735682306615712989e+00 3.236177624792748175e-01 1.953769050408561370e+01
4.696124760031156420e+00 3.251126729397886272e-01 8.531735524311237384e+00
5.210528758105074765e+00 3.455493034220010751e-01 1.466049826436284143e+01
5.301087207899757736e+00 3.504232194561361924e-01 9.844616936416199948e+00
4.763096789646994011e+00 3.259744352377224597e-01 1.977796979471804661e+01
4.543749683153681218e+00 3.184728485347569360e-01 1.177716007416069566e+01
4.786635999147826226e+00 3.256624009317601876e-01 1.967181889253210869e+01
5.071907435772584627e+00 3.396412701732578476e-01 1.509961955343196394e+01
4.916579530340427162e+00 3.338187838080118874e-01 1.426753590598515942e+01
4.895122791419597164e+00 3.307829207133623495e-01 2.200848037261633650e+01
5.245860991797238526e+00 3.478651051962784457e-01 1.196906659640490567e+01
4.623768063261051608e+00 3.201255227919185264e-01 1.868801313822238797e+01
4.400489365286944121e+00 3.092555866457911695e-01 2.122881107981163495e+01
5.753591910802867915e+00 3.689119081819300927e-01 1.110078282374174385e+01
5.087823105979100369e+00 3.368578961333059674e-01 2.651369046278769659e+01
5.481417575968035472e+00 3.568686824710092242e-01 1.381514323251679777e+01
4.793858663746715543e+00 3.280612002313142428e-01 1.384546671573899346e+01
4.855171103692486057e+00 3.301352284348730293e-01 1.742908485030480037e+01
5.007989530579235904e+00 3.377582163063971854e-01 1.180990834166826176e+01
4.880372369632354435e+00 3.310029499096451833e-01 1.739903610859835936e+01
4.227455392502111664e+00 3.014121584273362076e-01 2.393939774232861240e+01
5.328107752766883642e+00 3.509579458835174748e-01 1.351450204473173144e+01
5.114664424201433413e+00 3.428691774807550163e-01 7.794552910149898928e+00
4.156367015500344486e+00 2.998875489698559771e-01 1.578340301663624601e+01
5.219473268985101555e+00 3.469838648515485291e-01 9.602131509014700583e+00
5.343073094502762466e+00 3.506987148526212739e-01 1.643160493286471180e+01
5.503561259903812619e+00 3.582915396341271319e-01 1.281610321529706553e+01
4.738509838458769607e+00 3.239417000595476437e-01 1.963236159833838812e+01
5.539048431930949867e+00 3.588177339686957068e-01 1.676145240908162393e+01
4.797918296421647355e+00 3.292932110779125954e-01 9.726104677033722723e+00
5.155789486666393806e+00 3.434503500610989191e-01 1.468038992463743853e+01
4.902184866821312603e+00 3.320182890515117058e-01 1.768185080660328268e+01
4.948794917236412516e+00 3.321699985324993443e-01 2.481667295393400963e+01
4.512583142012257298e+00 3.159342995629856321e-01 1.563253734595698141e+01
4.981013387849234419e+00 3.354988572728450080e-01 1.731513561274288193e+01
5.285516516642354112e+00 3.492202476834207481e-01 1.307050860024584971e+01
4.391117628322493083e+00 3.118448249988601262e-01 1.427590850451514726e+01
4.670246412041192841e+00 3.235260568244233692e-01 1.209350399413860266e+01
5.484771295346836162e+00 3.574715387072361916e-01 1.246646230074783368e+01
5.167138924885685825e+00 3.433751122516773280e-01 1.635306681975478682e+01
5.341617651782372356e+00 3.520738499402770172e-01 9.504558576097089428e+00
5.590433652261124209e+00 3.620215020198033207e-01 1.133779018542886163e+01
5.327201401559396032e+00 3.505231926525344543e-01 1.402213376169916259e+01
4.254736794647406839e+00 3.028406172493046666e-01 2.342390604154399014e+01
4.976157107560352344e+00 3.358598224379304442e-01 1.383958465139084737e+01
5.879773078701783895e+00 3.744943118308312058e-01 8.750751557915229739e+00
5.002098941401416532e+00 3.374007401817238905e-01 1.105946624909773490e+01
4.641925890739104332e+00 3.214438966291160438e-01 1.620070149486835120e+01
5.862900866206874895e+00 3.728747781636443936e-01 1.417869106741373209e+01
4.296647630079054814e+00 3.041198686699084219e-01 2.509376142822733868e+01
5.100942310262867707e+00 3.415408057443521384e-01 1.242520142153891349e+01
5.077071536151660958e+00 3.402969591024447293e-01 1.451294296635933634e+01
5.127094300445572017e+00 3.394347467584885036e-01 2.379217189674763588e+01
5.181250108488958617e+00 3.427557482214589335e-01 1.749476202500546762e+01
5.699975477575480731e+00 3.664850342806759698e-01 1.154224920182686986e+01
4.856102035304242115e+00 3.305444533233379278e-01 1.610988644102742029e+01
5.248658543769076701e+00 3.465106223684098485e-01 1.634927167807768811e+01
4.895382926121244260e+00 3.321364689201877773e-01 1.577407001098088202e+01
4.992091161670206390e+00 3.363225956993146082e-01 1.570568281446497849e+01
4.393104130407334829e+00 3.106161500306637291e-01 1.708970464404146483e+01
5.117711529163054607e+00 3.412192717713594114e-01 2.013644250771286792e+01
4.448867209351206498e+00 3.131390940198803818e-01 1.649094025296045629e+01
4.393286166619909672e+00 3.085306878993596125e-01 2.349567609632461185e+01
4.601362370318008210e+00 3.197765044402619550e-01 1.408652404277063575e+01
4.326104245401126924e+00 3.075275347701086348e-01 1.392039964972360089e+01
4.001058890853766314e+00 2.900742193086546794e-01 2.879517163728957740e+01
5.393048304776493218e+00 3.531121243401630916e-01 1.369587692166185988e+01
4.850315106101186657e+00 3.316775338182269550e-01 9.260767727868941535e+00
5.074381418895526075e+00 3.401997477375903745e-01 1.460647942086772666e+01
4.607991004124558643e+00 3.208690007350007423e-01 1.134242514409370628e+01
5.232387502411467217e+00 3.455095754600111535e-01 2.063022344699684041e+01
4.379594036828739156e+00 3.081044758233964509e-01 2.403622587852146708e+01
4.445699526254212941e+00 3.122818926141134876e-01 2.086805990515881959e+01
5.258727195935450460e+00 3.462477553337775515e-01 2.288342646457315155e+01
5.667744816219432380e+00 3.649547073073056702e-01 1.308516460134605097e+01
5.190017583875714102e+00 3.447852781952405743e-01 1.529870581612107117e+01
4.586229538571407360e+00 3.198700713571349108e-01 1.351790018503247381e+01
4.964141825109557260e+00 3.363442606151288983e-01 9.290926819350541876e+00
4.634531909409777661e+00 3.208838223055171524e-01 1.618659835125481550e+01
4.861363681013399329e+00 3.294966197446990153e-01 2.139315447617444121e+01
5.627307808298171565e+00 3.629874473376809019e-01 1.645134932417278151e+01
4.422024860242463440e+00 3.100240011283645902e-01 2.130997659650246590e+01
4.673681051254785501e+00 3.240259645047124937e-01 9.847676168627005566e+00
4.762574703797906928e+00 3.264264777365750159e-01 1.856607411180078060e+01
5.097429590707437619e+00 3.413343079408635017e-01 1.246656324563986651e+01
4.458520790467675354e+00 3.130586751188842443e-01 1.427324695041420810e+01
4.604589318101718121e+00 3.195176815505228474e-01 1.693368782317010712e+01
4.567013785765404954e+00 3.174849134000791717e-01 1.755995996513334489e+01
5.114336004906203215e+00 3.420404609708359578e-01 1.202794383661692201e+01
5.124942388255869119e+00 3.423331755026215450e-01 1.322201870927637302e+01
5.209583132389417948e+00 3.457692987464104917e-01 1.491937657868983713e+01
5.054513738108734167e+00 3.385994345882176737e-01 1.858438341002560179e+01
4.978369885125551342e+00 3.356459760373222689e-01 1.677805979570806727e+01
5.177497514848285576e+00 3.432119559958249910e-01 1.885461614897167237e+01
5.016626259850074376e+00 3.368783896974259506e-01 1.868265419637236135e+01
5.482328163462584669e+00 3.565995393231061739e-01 1.761450364589137152e+01
5.399961318212499251e+00 3.532057630673759996e-01 1.497567593881788994e+01
4.727059608368424648e+00 3.243005843684735878e-01 2.062059526815152211e+01
5.221111117087042786e+00 3.455070152900231450e-01 1.891747072760871617e+01
5.091874597540876124e+00 3.409320245541382355e-01 1.250464540852192386e+01
5.577603010023250540e+00 3.609974509561823530e-01 1.372014586261249747e+01
4.587109828891063223e+00 3.194213181678087210e-01 1.386705346119337001e+01
4.958161928078803626e+00 3.357399245519769315e-01 1.077986364058147295e+01
4.888160554048676332e+00 3.324269712971257285e-01 1.402943791520220174e+01
5.079945133561158066e+00 3.404732188807767512e-01 1.286160620754204231e+01
5.219413407672687022e+00 3.456829827485459194e-01 1.584932609075773335e+01
4.379003826869690030e+00 3.110637186418752642e-01 1.349027589010822936e+01
5.198098722881134393e+00 3.450707928227930155e-01 1.503454371511608123e+01
4.493026964887086194e+00 3.150175937706370388e-01 1.610939588831261915e+01
5.142752968160515081e+00 3.431290580404395829e-01 1.444715927128560296e+01
4.219086640472330174e+00 3.013872012278647206e-01 2.449144777476078261e+01
4.292207259538854736e+00 3.060929298998673609e-01 1.722136805686022143e+01
4.623885605514582053e+00 3.203961386842912873e-01 1.809183386116732351e+01
5.007302540310841543e+00 3.365161203030787584e-01 1.901025992090891847e+01
4.592887754607319017e+00 3.200605532714442258e-01 1.243606869810291826e+01
4.826946674021423078e+00 3.296813108596441388e-01 1.311551894763496762e+01
4.861815392208287179e+00 3.307058686822417215e-01 1.750089757158312764e+01
5.147230715361885700e+00 3.427646021468072068e-01 1.547113978977990634e+01
4.424043434059422353e+00 3.094614296999754766e-01 2.478314688524188369e+01
4.891523815641670936e+00 3.324463700660820753e-01 1.464673927558691346e+01
4.891835099473350823e+00 3.323528719759005767e-01 1.373575038912714241e+01
5.305239967053410943e+00 3.503507777538165113e-01 1.032639368576916183e+01
4.868042871938166982e+00 3.315184581084972271e-01 1.373864867694652325e+01
5.024960698004754533e+00 3.363751198973293222e-01 2.351076894793138194e+01
4.514727477876786743e+00 3.158683220242184397e-01 1.543649889981645096e+01
5.700512310729427767e+00 3.659313257423252863e-01 1.350814264164650247e+01
4.614078002214281327e+00 3.203563847780636076e-01 1.541427543082540375e+01
5.082082653419862872e+00 3.402521822451604616e-01 1.416312751834447781e+01
3.911945989211265129e+00 2.876725642046364939e-01 2.425366513347939090e+01
4.868790330499670027e+00 3.298291937813515595e-01 2.119881892603945772e+01
5.160808266934584942e+00 3.443271504487369072e-01 1.185938061273549948e+01
5.570139600078436004e+00 3.613410848979803358e-01 1.039486460778298316e+01
5.374356471390259848e+00 3.526151596919964715e-01 1.529302578874539620e+01
4.818678471730201807e+00 3.285797900324268772e-01 1.676392755475006879e+01
5.098209374327057120e+00 3.420054294748414159e-01 1.057503796342072278e+01
4.503753677960609991e+00 3.132902160768905042e-01 2.546251252032529777e+01
5.554583501652156308e+00 3.598847459327010889e-01 1.421414702803828689e+01
5.091479783288014538e+00 3.405736093799814901e-01 1.466582270693932522e+01
4.515673516867505732e+00 3.144946863319494912e-01 2.317680683362381089e+01
5.435411961512967238e+00 3.556403480034822095e-01 1.155881273144499666e+01
5.005726654155511213e+00 3.369934036464906080e-01 1.621663871847080785e+01
4.731178231181756288e+00 3.260661346518142767e-01 1.285346404646249674e+01
5.516842548400477497e+00 3.588162551800627709e-01 1.241261805946433761e+01
4.724606815567510942e+00 3.250294394221172056e-01 1.481227703243288474e+01
4.598302172424956424e+00 3.168510120430935717e-01 2.491874093979116367e+01
4.664096661347413075e+00 3.219680811683747201e-01 1.602923273097017542e+01
4.777193429974093242e+00 3.268637162125393458e-01 1.795926957362852860e+01
4.707845120350557799e+00 3.237934501507863105e-01 2.055552812138498098e+01
4.390379848728738210e+00 3.078873642301394042e-01 2.556891325317257468e+01
4.607707650524578646e+00 3.195696657291843268e-01 1.843981566718521847e+01
4.022399942023224817e+00 2.947933396692749008e-01 1.669403174489087149e+01
4.996496849241334637e+00 3.367802664913530086e-01 1.333676749115703331e+01
4.883074479679436308e+00 3.295714072070019540e-01 2.178888194537445955e+01
4.665903178168951726e+00 3.223540805176519641e-01 1.709502448250940887e+01
4.894189548630281550e+00 3.323116671289453317e-01 1.436800165217008107e+01
5.007665748261163507e+00 3.356303551178456690e-01 2.229066751672426960e+01
5.317561289948818271e+00 3.504872692701334613e-01 1.294170957086635099e+01
5.302544286753424707e+00 3.498046671170792488e-01 1.499610857301244771e+01
4.926760425069600657e+00 3.330199730192699992e-01 2.028018597180174964e+01
5.342969661693112826e+00 3.518141974442447473e-01 1.249059468386930227e+01
5.196713875646296721e+00 3.442586913852175856e-01 1.936195042545929113e+01
4.653905242352920801e+00 3.218225673227516070e-01 1.576455271815792614e+01
4.980772069850680772e+00 3.365685938540420863e-01 1.252021178313661309e+01
4.296008515675310058e+00 3.066983171333595992e-01 1.668045767423523529e+01
4.926424534143921896e+00 3.323744913416721847e-01 1.574118118720336668e+01
4.948286383897408491e+00 3.355722298612643373e-01 1.046074088902146393e+01
4.594724054474827568e+00 3.190491989694415054e-01 1.798164672708299960e+01
4.694205029080220193e+00 3.233403480281757392e-01 1.857072010004526419e+01
4.585530933209083670e+00 3.172227309166342768e-01 2.431645950447868287e+01
4.777971291824693267e+00 3.278939356901248159e-01 1.559009675181291321e+01
5.327153363435395583e+00 3.513788345255099421e-01 1.066017342257387668e+01
4.870647937863249233e+00 3.314823104159581590e-01 1.515067650416965783e+01
5.053545982140677850e+00 3.395631419885414282e-01 1.294892913001841706e+01
5.373179132486455067e+00 3.531963254576603872e-01 1.092662791060356753e+01
5.158681440124493811e+00 3.422093907628822596e-01 2.079094411725342439e+01
4.787938180928144938e+00 3.258846474548555694e-01 2.792994439577068633e+01
5.768590205151102879e+00 3.684276897789907634e-01 1.546999812116187556e+01
4.715474395260770279e+00 3.233421104566402970e-01 2.048316335025267421e+01
4.104877620049901310e+00 2.995220944275395758e-01 1.303591652384464972e+01
5.003100781731129487e+00 3.358624407626714103e-01 2.113514813982192919e+01
4.965812703262976413e+00 3.360435930994956633e-01 9.747277195789370907e+00
5.180351353096318334e+00 3.448542046234636671e-01 1.270400204055695070e+01
4.935392625663554966e+00 3.335017613763450739e-01 1.768190284972081372e+01
4.483650080791258041e+00 3.152583554296209956e-01 1.283018543533168732e+01
5.067097181989137056e+00 3.394990389503840245e-01 1.529095721284807219e+01
4.747932915831217571e+00 3.257054841886622976e-01 1.885735326649923493e+01
5.032146673468636422e+00 3.380366847613754944e-01 1.461017599694498337e+01
4.051297626498246096e+00 2.945087576497213422e-01 1.954215867998206946e+01
5.269612232977744171e+00 3.485388827061483008e-01 1.266378961920050195e+01
4.424099590339552357e+00 3.121420646704800017e-01 1.559735039041035876e+01
5.347158849126428137e+00 3.511866318665826103e-01 1.576729900004082552e+01
5.138294150026021079e+00 3.421904869255203985e-01 1.634855712664100125e+01
5.195246993136031222e+00 3.454487072273650372e-01 1.309406251528365850e+01
4.958161928078803626e+00 3.357399245519770425e-01 1.077986364058147473e+01
5.201725267106583672e+00 3.442860856449388440e-01 1.988495987075984672e+01
4.965573132687879365e+00 3.313232348764048041e-01 3.366453844360511027e+01
5.296528378598016396e+00 3.498337130402963679e-01 1.207779167128710895e+01
5.262991423494640664e+00 3.484051617241731846e-01 1.215281293365674919e+01
5.314355939201911738e+00 3.501459778460819239e-01 1.367117370125022902e+01
4.528360230350098270e+00 3.174171806672801410e-01 1.263856038377946689e+01
5.026210973884666089e+00 3.388430420801008536e-01 9.948865878241822003e+00
5.046280621369948705e+00 3.393812805470977634e-01 1.243036674187374580e+01
4.819538356302613735e+00 3.289153426223460075e-01 1.539962500189342443e+01
5.279256634684622362e+00 3.486779762707754582e-01 1.216982722364820724e+01
5.243976997694833386e+00 3.479040147477926448e-01 1.046800738930656927e+01
4.595288220115750555e+00 3.199758607574342828e-01 1.301196159688844034e+01
4.925497380533611747e+00 3.334596008921483223e-01 1.662457879468660238e+01
5.582878828840671659e+00 3.613150899365059066e-01 1.450444280994326540e+01
4.925145744070694498e+00 3.340500529006266706e-01 1.225937423316139885e+01
5.567164248995998044e+00 3.617103068495119977e-01 8.455609465494040577e+00
4.980167688469348874e+00 3.357879264795444740e-01 1.515326635307218517e+01
4.582661211437860871e+00 3.161656703233255428e-01 2.529853545644580493e+01
5.369299247271936082e+00 3.521061894560321148e-01 1.516638852341030663e+01
5.024584601574818343e+00 3.367557836192411891e-01 1.972269374535855491e+01
4.745210872599594509e+00 3.257684409514105539e-01 1.743675525325028275e+01
4.973700378137084321e+00 3.355311599216074803e-01 1.700158289005643297e+01
5.171990387915111675e+00 3.442925219069545295e-01 1.193008158507757877e+01
5.453680158472488770e+00 3.555073953004909137e-01 1.601331666758918360e+01
4.837776519916357820e+00 3.300215184400667190e-01 1.435477780614404608e+01
4.643150991825319096e+00 3.220666221051044498e-01 1.256754656826305805e+01
4.198050120093148152e+00 3.017289830705876530e-01 2.035674766609409403e+01
5.392746577242228057e+00 3.524613693556453708e-01 1.807435512362238939e+01
4.820784038650891112e+00 3.303932469132950245e-01 9.214170814223615835e+00
5.099591980055555140e+00 3.398147219579905065e-01 2.006008162097874248e+01
5.090266263302194005e+00 3.410170082185191021e-01 1.184825329388814907e+01
5.081471227893038289e+00 3.411558654087902820e-01 1.006912838088339157e+01
5.182113455672371138e+00 3.433154011718919096e-01 2.110563999584964989e+01
4.808546430627672841e+00 3.264016385809769827e-01 2.217819866019233643e+01
4.721977168036473493e+00 3.228553458056889203e-01 2.536834176550548392e+01
4.618419876591551620e+00 3.212553216977664938e-01 1.100110803963155170e+01
5.876346964283762908e+00 3.738824349049625351e-01 1.342574862513701639e+01
4.532086486098354960e+00 3.139470422346786194e-01 2.663320748774198776e+01
4.971240504798916326e+00 3.337518215001651356e-01 1.898402734654106894e+01
4.747877936152914202e+00 3.256241772692187175e-01 1.710909890952230938e+01
5.248095539386535613e+00 3.473842943986543697e-01 1.552379502912366149e+01
5.364327430328491353e+00 3.531537188809902306e-01 8.167888943332231477e+00
4.385951441311854104e+00 3.090808684142713481e-01 2.357282534363439552e+01
5.154701028884580261e+00 3.426862672512696051e-01 1.904083845947068809e+01
5.124763569531635810e+00 3.428445535619863427e-01 1.123397362688125156e+01
5.727416406128265081e+00 3.680076744267224975e-01 1.032263720889580938e+01
5.437911792820202095e+00 3.553324551178485557e-01 1.443459564573036680e+01
5.111180266082361534e+00 3.411673421086775515e-01 1.722514310029838924e+01
4.800980830452322046e+00 3.279112697893681871e-01 1.733564945560298654e+01
5.193366060586564359e+00 3.456887329827019184e-01 1.178197280859956741e+01
4.843283771362210999e+00 3.306322065468370042e-01 1.371259277959397060e+01
4.893899624089343092e+00 3.333502546555220936e-01 9.551853945739436469e+00
4.718917941593381293e+00 3.258984297421093079e-01 1.020679872997813931e+01
5.041146024930986513e+00 3.388621284457120075e-01 1.230074587611625248e+01
5.490999458626959040e+00 3.572005345744473925e-01 1.762524543961974288e+01
4.608390786330561539e+00 3.191333150066459901e-01 2.044288008349178298e+01
5.433385082888132267e+00 3.545708850069890783e-01 1.568945665603355266e+01
5.737715723950192803e+00 3.663714131401237251e-01 2.058463456218679255e+01
4.799389914670415536e+00 3.280610991243683716e-01 1.676298954754838633e+01
5.308401800436882922e+00 3.493344549754258677e-01 1.745024774283889357e+01
5.540633875684239484e+00 3.606189679730887887e-01 8.370842699956407174e+00
4.991524481913296007e+00 3.361066602696439198e-01 1.718579173046096642e+01
4.945129961879894509e+00 3.335287797027011170e-01 2.036097963297919478e+01
4.688890374570871877e+00 3.215927443223554616e-01 1.994774825654037897e+01
4.801257300733662525e+00 3.280770004006385854e-01 1.582403109092297200e+01
4.735649716280613042e+00 3.257494533129622338e-01 1.474872247239207468e+01
5.250913713590255050e+00 3.476976073309172577e-01 1.312801186670094822e+01
4.501094415316514663e+00 3.147318516574180158e-01 1.544654351320727415e+01
4.869729273105722456e+00 3.314930699710262885e-01 1.443440375862539682e+01
4.750367181012538964e+00 3.268916558815733731e-01 1.233203502174450605e+01
5.755827909850140145e+00 3.688111331963424555e-01 1.167082171927160061e+01
5.267252490937983644e+00 3.476135600699672423e-01 1.696335358648486036e+01
5.522899783107179772e+00 3.584092973116891345e-01 1.660834687776446827e+01
5.053567461603273969e+00 3.395183590331678491e-01 1.372261375449391352e+01
5.318552485377165517e+00 3.502422333568505075e-01 1.597851596908882144e+01
4.998132100691220714e+00 3.363840493338977056e-01 1.699717623908523123e+01
5.685068639174572169e+00 3.649530253554041925e-01 1.527782804188171717e+01
5.203108736938414580e+00 3.444409172930296692e-01 2.077638690412224776e+01
5.277992590434936737e+00 3.471097317248705849e-01 1.991947551873436950e+01
5.303214498873135341e+00 3.485838627077943452e-01 1.958915689620699752e+01
3.898610765016890412e+00 2.891512654957725803e-01 1.740721241212998294e+01
5.019720499487358545e+00 3.384410751055236810e-01 1.083662174875043505e+01
4.590277666150652358e+00 3.197845334396320349e-01 1.234559137280658092e+01
4.950253589928538034e+00 3.341574097555574663e-01 1.977005302276355891e+01
5.725147705932027264e+00 3.673793467639989707e-01 1.404011764643274240e+01
5.649514954390930654e+00 3.646888112649234182e-01 1.074008592969827447e+01
4.280755204297895133e+00 3.035837529587903649e-01 2.400435548784613360e+01
5.186797519507056364e+00 3.450582523759767040e-01 1.328493391213541486e+01
4.297740841788760591e+00 3.034395085257389213e-01 2.533348734549336356e+01
5.121511163875318573e+00 3.422309832809618535e-01 1.340419718486514711e+01
5.377174597002551515e+00 3.532251288923139443e-01 1.152200238983327552e+01
5.129016624863607987e+00 3.409133548582675699e-01 2.077083362500007269e+01
5.034023170999749830e+00 3.372200070429325902e-01 1.869892894815473028e+01
4.693027987026363590e+00 3.219810793315991404e-01 2.399858732788697679e+01
5.804807056461593007e+00 3.699134781423670804e-01 1.860245137957023687e+01
5.042048164067937321e+00 3.376341585791117206e-01 2.020483990931032281e+01
5.206728329357404483e+00 3.453132337053456125e-01 1.633770840411463610e+01
5.506763851266303966e+00 3.587195160978507991e-01 1.133436940398260084e+01
5.362469391649365313e+00 3.523619369164501802e-01 1.335373118448182517e+01
5.166319571640303643e+00 3.435860446343168562e-01 1.579931732672638844e+01
4.607766547330661489e+00 3.182258299560261072e-01 2.057664911940804586e+01
4.524880073440722406e+00 3.156310919780080937e-01 1.549966448413409736e+01
4.451864662407012396e+00 3.104127888805349178e-01 2.790227959173555305e+01
5.212676471630408592e+00 3.446198813737307853e-01 1.863994996252695202e+01
4.750815997375482880e+00 3.269547212505407585e-01 1.319337961072331566e+01
5.297060129000643158e+00 3.478950905119341241e-01 2.101211954867582321e+01
4.830885230864453206e+00 3.287609811358895295e-01 2.025436621071588306e+01
5.272748775930541143e+00 3.472125852124335332e-01 1.951512939310016748e+01
3.986903337605610442e+00 2.937879740534152795e-01 1.323726835442590044e+01
4.444849441550339009e+00 3.128103571033676866e-01 1.893981677193700364e+01
5.444135394609414647e+00 3.553073909779614348e-01 1.480893211600367110e+01
4.674670539005561842e+00 3.243322859007674031e-01 1.008697600901708391e+01
4.244397873202325755e+00 3.049861713045210476e-01 1.529968789679098684e+01
4.881294298078840299e+00 3.286153564576086983e-01 2.682178789071977221e+01
4.527085758506903090e+00 3.148116849729415967e-01 2.201017706623485282e+01
5.515594245335589285e+00 3.588456387338166409e-01 1.170188732010815613e+01
4.936177290339747614e+00 3.337853733073420370e-01 1.459776730413995338e+01
5.227238598987154816e+00 3.462459361984020489e-01 1.503316132149569384e+01
5.262072346191544625e+00 3.487142264688909976e-01 1.001895341995628819e+01
5.583165707145870016e+00 3.596540829534412564e-01 2.043755427243805656e+01
5.166260166946380572e+00 3.448241584056169762e-01 9.479060009550568822e+00
5.072480965528137986e+00 3.399840263012812169e-01 1.372882573315641075e+01
5.050082467515456308e+00 3.392475047755583728e-01 1.206177135890471774e+01
4.202683352233377079e+00 3.005136754436815161e-01 2.230682278438608179e+01
4.869002917439104294e+00 3.301627704893569382e-01 2.146197456593505137e+01
4.519983550055344246e+00 3.173337603559152065e-01 1.064911972628700099e+01
4.578233611814916948e+00 3.185695496706401064e-01 1.616400056340031455e+01
6.006340510457485848e+00 3.795044231361123233e-01 1.003468807043499034e+01
4.943028701360939081e+00 3.325886485616728616e-01 1.895570857568615963e+01
5.116029697760954065e+00 3.389201331804865824e-01 2.240547044002760302e+01
5.357187884880980633e+00 3.515120512410894738e-01 1.706004172581764777e+01
5.482950497968072767e+00 3.573497877472049389e-01 1.331963368982932394e+01
5.504022097855125750e+00 3.575451080268453041e-01 1.789041650339310152e+01
5.586438537411538618e+00 3.616058660961902760e-01 1.288539565511375073e+01
4.350762500681309319e+00 3.085804824520929635e-01 2.050917177342081033e+01
5.451633683070963521e+00 3.559135926882136536e-01 1.405745257233418322e+01
5.986414002406647228e+00 3.785306487006976917e-01 9.606960107487955369e+00
4.608531235408737103e+00 3.191924494440227522e-01 2.048564949074631514e+01
5.989722093638393474e+00 3.782998487038906621e-01 1.167410223114423218e+01
5.453341422019811979e+00 3.548891543056038045e-01 1.963479165276049443e+01
4.609302266769137013e+00 3.185334338508659657e-01 1.912685218240729768e+01
5.138313475847371414e+00 3.434212347792843789e-01 1.085746253531883099e+01
4.855367298887733440e+00 3.314487615331672687e-01 1.201985748157278522e+01
5.371711182444920851e+00 3.518438716510610131e-01 1.809179936252120058e+01
5.005965680408878349e+00 3.375951066834523839e-01 1.345740695891994321e+01
4.415636169937564581e+00 3.105488314115809056e-01 2.211086575985576275e+01
5.471340062788723202e+00 3.566619553462619385e-01 1.511425095090035420e+01
5.461895438858516805e+00 3.570210574986075747e-01 1.024731870223539865e+01
4.706268321614230032e+00 3.225128626310433400e-01 1.962047816255248378e+01
4.394843325815109836e+00 3.096643653970063137e-01 1.939459075611306105e+01
4.543743689280839604e+00 3.179567703639418208e-01 1.212418107686876034e+01
5.456977714124048084e+00 3.568959685490666334e-01 1.046817602330535379e+01
5.137938091396939910e+00 3.438612945917989827e-01 9.652006380326309198e+00
5.391282364350868939e+00 3.539884243384822660e-01 1.047298197759600136e+01
5.096070172875709403e+00 3.411700108861306369e-01 1.324005329435477130e+01
4.416278704933676913e+00 3.115521917291419474e-01 1.721408322730301066e+01
4.929316922035547499e+00 3.330858104361902883e-01 1.935518285791514614e+01
4.742052265889140195e+00 3.267383858976210531e-01 1.191764580846720634e+01
5.304978500957536980e+00 3.499836308069800839e-01 1.330699358874752924e+01
4.895976833090176505e+00 3.324632033138112952e-01 1.355821823455548092e+01
4.822947640477130982e+00 3.299023100043168566e-01 1.191292613862935568e+01
4.542048624437464710e+00 3.175892807429042675e-01 1.353929693826376024e+01
5.184302394743195208e+00 3.427226498457540127e-01 1.808030602983718893e+01
5.193126954281742869e+00 3.440150563775468129e-01 1.772236174553410848e+01
5.046868342083097758e+00 3.364710999278394676e-01 2.142424378226908743e+01
4.682459028202629270e+00 3.212288614613592053e-01 2.568673753339858123e+01
4.805600445489387695e+00 3.277235276510271356e-01 2.015622787477887456e+01
4.824236027890711931e+00 3.291153169450842242e-01 1.692719844262619944e+01
4.426878596379411057e+00 3.103659985460795467e-01 2.448648400605792474e+01
4.612904972551140403e+00 3.183938275254316053e-01 2.206007594143422068e+01
5.294792681058867245e+00 3.484222678582958865e-01 1.835862942470085457e+01
4.667054342219849161e+00 3.236336064018263126e-01 1.158954283950713027e+01
4.756768249514385261e+00 3.268767424369586339e-01 1.519409782102370343e+01
5.092307991613486351e+00 3.398747575127550880e-01 1.808383338157382525e+01
4.616013759065753064e+00 3.193248580242284418e-01 2.091860783707605265e+01
6.134743192308351745e+00 3.840707592991831065e-01 1.411446767914501521e+01
4.798458664284143360e+00 3.287504881652491551e-01 1.415140996008322993e+01
5.375404819293710723e+00 3.525311981134708339e-01 1.681539062851505406e+01
4.746877754433849184e+00 3.250506482776200357e-01 2.160718546617140490e+01
5.411996991596427442e+00 3.542908339730047595e-01 1.435148076439496556e+01
5.195636550074143933e+00 3.464383598945955378e-01 7.361058375496292605e+00
5.179452469823218941e+00 3.428566995839227305e-01 2.086639111721870066e+01
5.002366850608362725e+00 3.365453084519364757e-01 1.770939890670505790e+01
4.740350010159066763e+00 3.269221824772453044e-01 1.057855063883915925e+01
5.140513391576370772e+00 3.424067634046420450e-01 1.557353559665765808e+01
4.966853829750114357e+00 3.348875315491081084e-01 1.685361669068112533e+01
4.757028881916984808e+00 3.274436677644790850e-01 1.074351934879990722e+01
4.949405056237032419e+00 3.358190156231697365e-01 9.796400623799152996e+00
5.052584718064874636e+00 3.396341920738566444e-01 1.222547033695497731e+01
4.432259810883177664e+00 3.130725438711624009e-01 1.342820810919113761e+01
4.748963772433476116e+00 3.257024401789738177e-01 1.874899935940381468e+01
5.331903985096324128e+00 3.506898357110467268e-01 1.466016869306792358e+01
4.511446435724717929e+00 3.156235270499899159e-01 1.872983149594288932e+01
5.046818003217437898e+00 3.388007760904617194e-01 1.431640028905708917e+01
4.810014293773433813e+00 3.288639753894933571e-01 1.515193854098252402e+01
4.467344150853727491e+00 3.117734470252387924e-01 2.318993970725165354e+01
5.181804494849090226e+00 3.444955221881471630e-01 1.474368560823148577e+01
4.638884447012416423e+00 3.214561021624069426e-01 1.806077580844787178e+01
5.169253677666524105e+00 3.434969573689716227e-01 1.632899688070983402e+01
4.971234789495244222e+00 3.359088891852697323e-01 1.420035963952458147e+01
4.826404466899586687e+00 3.296333455225397557e-01 1.558133789116161694e+01
4.877057757255470527e+00 3.297269227747999798e-01 1.988824238085816276e+01
5.546579507389162167e+00 3.600600193553279427e-01 1.326405897314962701e+01
4.700792735638715136e+00 3.226306087224878327e-01 1.763698532157025767e+01
4.571923020632689294e+00 3.174274090961624051e-01 2.129147680734138248e+01
4.920762711753909890e+00 3.340059788735083024e-01 1.086378354902837806e+01
5.182668693142241878e+00 3.441883421688734512e-01 1.608133528538964541e+01
4.591466724286827450e+00 3.169701822594935825e-01 2.052544049301034335e+01
4.149216070865165307e+00 2.981583846399593063e-01 2.288968028007832345e+01
4.496312685173927903e+00 3.157020124148959828e-01 1.321145295369222161e+01
4.990548915143032893e+00 3.359614839614678550e-01 1.709605638303379749e+01
5.681229834460602923e+00 3.662296705399544772e-01 8.406608943794749322e+00
5.168917869088236472e+00 3.434131981326586924e-01 1.627652840362064524e+01
5.268129662323067564e+00 3.485474089243006390e-01 1.363127909715768027e+01
4.707760408637500227e+00 3.247997134644889372e-01 1.406770016821404035e+01
4.709033868963806491e+00 3.241965278508195381e-01 1.509869674709281995e+01
5.621617233512896661e+00 3.622541030627453584e-01 1.694534610353129267e+01
5.933928850219589712e+00 3.746438377875535575e-01 1.861779397896408383e+01
5.325982529933091847e+00 3.505994068490844717e-01 1.497827160234887423e+01
4.945695601758752780e+00 3.340894520916902199e-01 1.754189468264994289e+01
4.128968094891857454e+00 2.992548718687196851e-01 1.213857966883483641e+01
4.704259301085255807e+00 3.241757102905254984e-01 1.537878390139549900e+01
5.737211291440063476e+00 3.674925486078373660e-01 1.584370112753263093e+01
4.644853374473453478e+00 3.199317170362139806e-01 2.052442162765483147e+01
4.300485392653087047e+00 3.056747025105430726e-01 1.722340429232624714e+01
4.366899020157749334e+00 3.097678915367316210e-01 1.559927343013732859e+01
4.364591971664836478e+00 3.095324018218559292e-01 1.716834478512814499e+01
4.941084157934536591e+00 3.342974830467901337e-01 1.390381030309255372e+01
5.068979021189486289e+00 3.389274949893681388e-01 1.712499951675506438e+01
4.666756402312892682e+00 3.227296799809925010e-01 1.490446291625391950e+01
5.000182149726286163e+00 3.356776037359314180e-01 2.119888600498014242e+01
5.266513332906860079e+00 3.468826382459566093e-01 2.045469544812347706e+01
4.231910202058402959e+00 3.025159398715991932e-01 2.370633291106300788e+01
4.816217134184419990e+00 3.289231280770565924e-01 1.643081307918271605e+01
5.375855531754603511e+00 3.519661490308887974e-01 1.793412447164240930e+01
5.170305504522532125e+00 3.448286035180546660e-01 1.087436550796618029e+01
5.404245985011563391e+00 3.535720377011501991e-01 1.501892444607565302e+01
5.289830031276975042e+00 3.485138211847870759e-01 2.129518871831424320e+01
5.569193206981757349e+00 3.608411446378127496e-01 1.332237704173842552e+01
5.367726948222893313e+00 3.533566649207068311e-01 8.959612596032405563e+00
4.838475335529898835e+00 3.296285471833202418e-01 1.642946206275573218e+01
4.352419131689250875e+00 3.066881566592803976e-01 2.537224066394630739e+01
4.308752227980586547e+00 3.084241798180424321e-01 1.082152914062360338e+01
5.090347268024375538e+00 3.398044312865071692e-01 1.815506671909164282e+01
5.600516232712019260e+00 3.616210812867127755e-01 1.530410750615873816e+01
4.921859486096453296e+00 3.339113411799085607e-01 1.152389170314001454e+01
4.394916528535059541e+00 3.093634896505415566e-01 1.923847431493059545e+01
4.008941760495727813e+00 2.948816110354399722e-01 1.355848066615165237e+01
5.881018813722693750e+00 3.736255435165342642e-01 1.284312993596904562e+01
5.455172824674749066e+00 3.547389223111279133e-01 1.941137139344115070e+01
5.203745617419363256e+00 3.461550213246797347e-01 1.069507101107041080e+01
4.800117108289104095e+00 3.282859188979057596e-01 1.443133999541290713e+01
5.143363811763613569e+00 3.429304492317024611e-01 1.503563641249560767e+01
4.230748191713960438e+00 3.017820776239952818e-01 2.242645641004846269e+01
5.499442603466073720e+00 3.584117499438567167e-01 1.154827498283148479e+01
5.019499563016728949e+00 3.382095789887852311e-01 1.312326000658350367e+01
5.463431524463877587e+00 3.566400703383654780e-01 1.228530385354189924e+01
5.084079820448812015e+00 3.409100442560604738e-01 1.297945508188555408e+01
4.935063176158031695e+00 3.329102955170512579e-01 1.483333719797602157e+01
5.094024244593732931e+00 3.405594296498816176e-01 1.611743179566015627e+01
5.696727495242370765e+00 3.654576768386997299e-01 1.581073795317274922e+01
5.439970072079323593e+00 3.539219761120087626e-01 2.291148085967806480e+01
5.047198258978913721e+00 3.384726534381347629e-01 1.650298229563797747e+01
4.665404583242487746e+00 3.189840010365721512e-01 2.815360416656951159e+01
5.009504251521754270e+00 3.351631281084592739e-01 2.503272692649176179e+01
5.559267965021982505e+00 3.597694938902920025e-01 1.796255668453009591e+01
4.477374155619862073e+00 3.145025806023067361e-01 1.420781851486111691e+01
4.174022198184788479e+00 3.017572179904712826e-01 1.457215329000655224e+01
5.652377918459158934e+00 3.648307192748607153e-01 1.067300988643586557e+01
5.232700697068764839e+00 3.470358771691059441e-01 1.126649215928805958e+01
4.671564465391557341e+00 3.221624681085132891e-01 1.818946044023612885e+01
5.165024272533502270e+00 3.449120797189427212e-01 8.808770813424615653e+00
5.002772950209340763e+00 3.374843961627022049e-01 1.273767729865168086e+01
5.256877671245688610e+00 3.473221702566652858e-01 1.735038919445741712e+01
4.734690539265448805e+00 3.246028742175759985e-01 1.870658638873384305e+01
4.947190903841624632e+00 3.346784050611245620e-01 1.465455591846320971e+01
4.972011770957898591e+00 3.364488883161630972e-01 1.051761850666808940e+01
4.264120345143883384e+00 3.050899100542537878e-01 1.733676261743960012e+01
4.846607909774172995e+00 3.310484025375994843e-01 1.140271472705799916e+01
5.402202894095758268e+00 3.522461960271896508e-01 2.305884307719939130e+01
4.969663730425805781e+00 3.351249577620253883e-01 1.690170999047164102e+01
4.883808610306137332e+00 3.321939289656339334e-01 1.410815898045810712e+01
5.077699909513535559e+00 3.392821692688780533e-01 1.687156278832824441e+01
4.751191345952529232e+00 3.267548865637186495e-01 1.380322739799635556e+01
5.123449489542859503e+00 3.419404536881918699e-01 1.709980178829052377e+01
5.194179936040542955e+00 3.446372293390962405e-01 1.820499363573389573e+01
4.902727082387115409e+00 3.335832481520423221e-01 1.083647888769490919e+01
5.313849435377991703e+00 3.502715472523593720e-01 1.298731860533653837e+01
4.448547741370332709e+00 3.141216339934400636e-01 1.166228970502024076e+01
4.549102676637898135e+00 3.169476319290439048e-01 1.989846066396176383e+01
4.730285068914011681e+00 3.248644031456419667e-01 1.921105581324895439e+01
4.579252658904887419e+00 3.169046803828615144e-01 2.210007054008731231e+01
5.404803330814448081e+00 3.543086320942321898e-01 1.152926638782057545e+01
4.792697343306017821e+00 3.278716023496531795e-01 1.537087871424095553e+01
4.425904288387910945e+00 3.115242113578011174e-01 1.503797570571012443e+01
5.005104979622213790e+00 3.352786343723518914e-01 1.897293565711095553e+01
5.342344623683658256e+00 3.495687502290718007e-01 2.456103944746763545e+01
4.946597478624196853e+00 3.352267315824781213e-01 1.190903208644317246e+01
4.629510392230568705e+00 3.208847867595988612e-01 1.732497460474044360e+01
5.226327586332944364e+00 3.474005762689901244e-01 8.692548359291510707e+00
5.364290082262732184e+00 3.501392649663244705e-01 2.446826107223699864e+01
5.030558857755812241e+00 3.383393966576572764e-01 1.414298480888860610e+01
4.938666109371387947e+00 3.336530916958800330e-01 1.843451751315917519e+01
4.511949288535809011e+00 3.163198444134316389e-01 1.356127151544606058e+01
4.905970820969403512e+00 3.320127098650285102e-01 2.161087132232076513e+01
5.514555903802686565e+00 3.586400583649289042e-01 1.323225677925734622e+01
4.830366670712696653e+00 3.291455173424678304e-01 1.733081382981358942e+01
4.814430563058965440e+00 3.292687808329439192e-01 1.354793991520546648e+01
4.334844787241636688e+00 3.058576747496072890e-01 2.413615159497390650e+01
5.548007579822043844e+00 3.601019648358868563e-01 1.320588100040178858e+01
4.964410393482011408e+00 3.340581939629208574e-01 2.209895858088081155e+01
4.621703189864285299e+00 3.217160812763807942e-01 1.120584544953929651e+01
4.969342355476389805e+00 3.359028911264961836e-01 1.349774753277679729e+01
5.083759180263360378e+00 3.411673248670433756e-01 1.074972934672735292e+01
4.874692879328812012e+00 3.312900153910240952e-01 1.391310421074718029e+01
5.070697591402193005e+00 3.392383413194504094e-01 1.645064846519152724e+01
4.763529540856432654e+00 3.266706413614217652e-01 1.539238968834014720e+01
4.734620311604046172e+00 3.227036334017561181e-01 2.287013137484150249e+01
4.286551016857921503e+00 3.063398262526285665e-01 1.535393178571848871e+01
5.882821876208534917e+00 3.743715087715555612e-01 1.009469552750032229e+01
4.914187579813112272e+00 3.340470482199356939e-01 1.133230857247432155e+01
3.595481426346899934e+00 2.742445868475447690e-01 2.507224951253579803e+01
4.815099774267305399e+00 3.285226879752226048e-01 1.863577109452271330e+01
5.053199160131875090e+00 3.379954750320288137e-01 1.897844098064624063e+01
4.766926726975722062e+00 3.266822617296676889e-01 1.763419138555836341e+01
5.526773760824924331e+00 3.591658801623034969e-01 1.375218966201860127e+01
5.483597170525810860e+00 3.579243241851005064e-01 9.649687521480897701e+00
4.879578765756460434e+00 3.318743214587943635e-01 1.328779758419911161e+01
4.763084005479434779e+00 3.279556696496763180e-01 9.164479517594791957e+00
4.813272493113487371e+00 3.302283755524793585e-01 8.745984755656348142e+00
5.021414422212568063e+00 3.358609289446269353e-01 1.925078875972343795e+01
5.079838876732496011e+00 3.404552763598913678e-01 1.448747353469525834e+01
4.478628436943321134e+00 3.140293468378590469e-01 1.700161763359800560e+01
5.005415255239868522e+00 3.383113932456722206e-01 8.364471050346832470e+00
4.802169888943090825e+00 3.265578033743528619e-01 1.865215173143560889e+01
4.851307005060559341e+00 3.307108148417880478e-01 1.407402309072238644e+01
5.374330218508015733e+00 3.520881512964027515e-01 1.481224304233698597e+01
4.493854818642564197e+00 3.150539732698527939e-01 1.609192823988303545e+01
4.952611886623179416e+00 3.338008111839088632e-01 2.259470703271628267e+01
5.389211746045852180e+00 3.529258897229764491e-01 1.461566998129241490e+01
5.896457054575400036e+00 3.735034000677202037e-01 1.836496055118594484e+01
5.073780649558405464e+00 3.405193150239655409e-01 1.080891130377789544e+01
5.348777933754977454e+00 3.504511995641361732e-01 1.996275249518382822e+01
5.335594264573705559e+00 3.504778608123643169e-01 1.589240056800376166e+01
3.881689899707621016e+00 2.862740518172909310e-01 2.185338723990566123e+01
4.269589091143678239e+00 3.050073268526034553e-01 2.017129607865912178e+01
4.912477277899549577e+00 3.331706790095629311e-01 1.393940142512009217e+01
6.194756863334111685e+00 3.866618777027168719e-01 1.425398663620106809e+01
4.974207888643040754e+00 3.359810159957631881e-01 1.489841870981686256e+01
4.216767594299184019e+00 3.039529481536883404e-01 1.205401772961357665e+01
5.343486017941118327e+00 3.516171774485036816e-01 1.309593870323158704e+01
5.158305583588369991e+00 3.432386261691261486e-01 1.685290783894533106e+01
4.910341828660144792e+00 3.341352459432863076e-01 1.001887457734761533e+01
4.760911163682358449e+00 3.254384715855400678e-01 2.024950802532240957e+01
4.290258616136614300e+00 3.056985348528135638e-01 1.464931475606744726e+01
5.731163167091477995e+00 3.673348147160589439e-01 1.528614112968551275e+01
5.135009087106372050e+00 3.410740108586015062e-01 2.050541504521869385e+01
4.538016974270828285e+00 3.183892971228294844e-01 9.602118117283533039e+00
4.505325031454318285e+00 3.148267715385530408e-01 1.921843775578571467e+01
5.293529726743034125e+00 3.479480544191687064e-01 2.048545407074842828e+01
5.167743850315173582e+00 3.433397956975980936e-01 1.881111011129252120e+01
5.465956730892642668e+00 3.559278022829043819e-01 1.808422856880770269e+01
4.588020542872251362e+00 3.188081574637153803e-01 1.820789173272258310e+01
4.511152953517044040e+00 3.165843801737923680e-01 1.304308504439103800e+01
5.005837020668517212e+00 3.373388941976078748e-01 1.241287908472606638e+01
5.298356853559191393e+00 3.483461755104799717e-01 2.139114922467676294e+01
5.326612819133504928e+00 3.495275022541970977e-01 1.974423997463552638e+01
5.810975848616212858e+00 3.706698529196812419e-01 1.473487663728090169e+01
5.400763042674854297e+00 3.538883885824009035e-01 1.556840679649781478e+01
4.714099107089118945e+00 3.233682617913654078e-01 2.224036658363599628e+01
4.763568023943673957e+00 3.262895160642788617e-01 1.586911736854554178e+01
5.516271176482199223e+00 3.582317849051493419e-01 1.522483174607367928e+01
5.023268316179514414e+00 3.380572565203985302e-01 1.437528906181010058e+01
4.116253602835087122e+00 2.971285189837306051e-01 2.168864773220300535e+01
5.027384026672053530e+00 3.384807417496255577e-01 1.201750192264293382e+01
5.310164975852286418e+00 3.502426577594660584e-01 1.320856053543823627e+01
4.641723346393828109e+00 3.216550176934371841e-01 1.644425571839690292e+01
4.875205214770698348e+00 3.310606108284608884e-01 1.942319596357268097e+01
5.778002108656953517e+00 3.690772907447850693e-01 1.542416527228746048e+01
4.929507345823251896e+00 3.342315987849544534e-01 1.377564942730869646e+01
4.701503669005252739e+00 3.245196593454225953e-01 1.259197823580772813e+01
4.845465538926024607e+00 3.296243820151564252e-01 1.927278398060981957e+01
5.221585930070410164e+00 3.467878129142332178e-01 1.175338873173535248e+01
4.915385884559496432e+00 3.324769420151484356e-01 1.887656535276707004e+01
5.117722852231819886e+00 3.412930821408678983e-01 1.605829621855830069e+01
5.319434088461435728e+00 3.503101480602866524e-01 1.351293211053197574e+01
5.329414788378556977e+00 3.512779861879132826e-01 1.206154266744923476e+01
4.996477553228004354e+00 3.345500744751526701e-01 2.449423248415552479e+01
4.837016614416389082e+00 3.280126266871065677e-01 2.097350656748893272e+01
5.854300131920864736e+00 3.725749544831607474e-01 1.447915737845974427e+01
4.891092560996213479e+00 3.317234193277604493e-01 1.732673138498428500e+01
4.572743290311040987e+00 3.168245337258596694e-01 2.730782969852975128e+01
5.346817363258636213e+00 3.517228981599144211e-01 1.296871729723334354e+01
4.981946203788690575e+00 3.352129206624928082e-01 2.028706788934911387e+01
4.563794907006687218e+00 3.165384869533404144e-01 1.868283220100004982e+01
5.007163809940613497e+00 3.372264164389383034e-01 1.384660987556389422e+01
4.674481974005194829e+00 3.231296371934010980e-01 1.393363796859835979e+01
4.292543339368720012e+00 3.055937411655139657e-01 2.164926797457349394e+01
4.873143833954796555e+00 3.312229546716392581e-01 1.478567428513117221e+01
5.351556827794055060e+00 3.488318779898536004e-01 2.424780561475738949e+01
6.328059408411760955e+00 3.929350059162883269e-01 7.954825424430033820e+00
4.629646491083811988e+00 3.206626127867532317e-01 1.714260722779690838e+01
5.061690372934529947e+00 3.387630192756491687e-01 1.827104287566095309e+01
5.222997973813177097e+00 3.466765487032722470e-01 1.238871974252898767e+01
5.016028065406771930e+00 3.377780756696439624e-01 1.377207915785742287e+01
5.113359849576080585e+00 3.417128909513209023e-01 1.343633385611925490e+01
4.821218313644444642e+00 3.306406268712553387e-01 7.762751449251208413e+00
5.373878970868248395e+00 3.535503800543287611e-01 8.733983234707661580e+00
4.978649117354043696e+00 3.356860595672273018e-01 1.680270017325362986e+01
5.270152094422505762e+00 3.488844671523663732e-01 1.129047074977283316e+01
5.102808783969024375e+00 3.414636942504916672e-01 1.389552623542568988e+01
4.855786422933134894e+00 3.270094429708182981e-01 2.950340885320882833e+01
4.898332825820268965e+00 3.316343685731130142e-01 2.007490598763949663e+01
4.738965289529072145e+00 3.248168640064372781e-01 1.861399671663863487e+01
4.796429813392421693e+00 3.278814674305901566e-01 1.678591949675845285e+01
4.850355951296799972e+00 3.303464134033762822e-01 1.463481629730775779e+01
4.192100251891351270e+00 2.991303596297746892e-01 2.348281386610541688e+01
4.972893092513989366e+00 3.357632345472066904e-01 1.646740350273283582e+01
4.574388705475016081e+00 3.194843018088452391e-01 1.066940574982717038e+01
4.699872898160352364e+00 3.227568744995564787e-01 1.698733211389080111e+01
4.821764439908735156e+00 3.292277741072625052e-01 1.552276919748632267e+01
4.636895830567234533e+00 3.221046374404428758e-01 1.302777553764654250e+01
5.131203484375933321e+00 3.422229769594690163e-01 1.518153990845178924e+01
5.157812760261478502e+00 3.434124552019942045e-01 1.618930494019824806e+01
5.356349319604371217e+00 3.521460985670178401e-01 1.273736927622735671e+01
4.352602930609704934e+00 3.077257318409171716e-01 1.808795974460590372e+01
4.317466246920486306e+00 3.059293084917158456e-01 1.960469003146756961e+01
4.825482334271153917e+00 3.293283727881562428e-01 1.536881788611596278e+01
5.333001791374702982e+00 3.512383269693166721e-01 1.178216456660133815e+01
5.004682848866558231e+00 3.377262410862875708e-01 1.117204617007888778e+01
5.409698178801044754e+00 3.544389928466959994e-01 1.214260784976732843e+01
4.577001328255658308e+00 3.176824868819144720e-01 2.038023853551932518e+01
4.698559429031653245e+00 3.238683568400274049e-01 1.712343748874673466e+01
5.057540346707908974e+00 3.393975853201182113e-01 1.582141871215220874e+01
5.383803243685809647e+00 3.530844345431757292e-01 1.179614487853227978e+01
4.566537996982123815e+00 3.171180608384415178e-01 2.221218158540613885e+01
4.490797497540850003e+00 3.165812219555728668e-01 8.617571165534723576e+00
4.625499049046194244e+00 3.210363963270178589e-01 1.444578435070581257e+01
4.771251919562777388e+00 3.242998280453068816e-01 2.437163693932684083e+01
4.823240488191251174e+00 3.283297840086193964e-01 1.956477734402399804e+01
4.388634888427157321e+00 3.092885621901287352e-01 2.192890095446795584e+01
5.417392338310982325e+00 3.548457390709196524e-01 1.118474401422684750e+01
4.458048987280099240e+00 3.145070434033676587e-01 1.138736699979431322e+01
5.221894026346861395e+00 3.465949275557889675e-01 1.405385425644665887e+01
4.802555018245429963e+00 3.275502612959390047e-01 2.018880215254866428e+01
4.351305346272241081e+00 3.073391458266039322e-01 2.026286927069574517e+01
4.909828215248717598e+00 3.323754478966517989e-01 1.753649095482576925e+01
6.117999696298570989e+00 3.819016923998381774e-01 2.155402876735137596e+01
4.181415886983868013e+00 3.017193501494058183e-01 1.567253579505768890e+01
4.674829326138911334e+00 3.228216506819749920e-01 1.526753307876638033e+01
5.483929918108151114e+00 3.563947237448855665e-01 1.732967135807262693e+01
4.517303810377276463e+00 3.161847900473312989e-01 1.474555497013941974e+01
4.954929747239997795e+00 3.347010409186184643e-01 1.915271315132111951e+01
5.065587725186622592e+00 3.392473260081549924e-01 1.599074826370303448e+01
4.530374502963492311e+00 3.172816615436489518e-01 1.239384270986251657e+01
5.389272755563416339e+00 3.532975273028871044e-01 1.410730982141332746e+01
5.223589183711566442e+00 3.461871019170056907e-01 1.356545862441216954e+01
4.771789404287144265e+00 3.271407869575164717e-01 1.444992812364305657e+01
5.520005332291521682e+00 3.592654629382145970e-01 1.096804136609810243e+01
5.393922703744819636e+00 3.536804432850020885e-01 1.248083165348109169e+01
4.824489420321818045e+00 3.304959973927754091e-01 9.068281358699849193e+00
4.943416346001804129e+00 3.349252632917426586e-01 1.185975806323859949e+01
5.471658321666591718e+00 3.577941449821502307e-01 7.833061040024677624e+00
4.905831419918420089e+00 3.302474315754614920e-01 2.421547604179632884e+01
4.557462972055701833e+00 3.161388128011148879e-01 2.204265160909523047e+01
5.394000753966071926e+00 3.531695483471082864e-01 1.617064839921506447e+01
4.879549250347720246e+00 3.318582661327385552e-01 1.657833750901210479e+01
4.723038638315611770e+00 3.257325274394372583e-01 1.226848849094171712e+01
4.357491562002067553e+00 3.085651544594685269e-01 2.003659600407979369e+01
4.569755549841115538e+00 3.177171967415303722e-01 1.443545846784832243e+01
4.896759883434897986e+00 3.326379523764019241e-01 1.532133246615911659e+01
4.772015446977446729e+00 3.233173040865721659e-01 2.998922821682958428e+01
5.066836393271542782e+00 3.396067876232566896e-01 1.374899306369401586e+01
5.402933867456216177e+00 3.538579229531966797e-01 1.371468986667079726e+01
4.884639418990893489e+00 3.298624788850410550e-01 2.031491567290854761e+01
5.068688670287382791e+00 3.395966651084667554e-01 1.444327817354277954e+01
5.366329817469224217e+00 3.521823034178967471e-01 1.377949327679630720e+01
5.236553412681148600e+00 3.474516093933478489e-01 1.137161470393010809e+01
5.494838176411291464e+00 3.581351718061268619e-01 1.158093177252328410e+01
4.593402129290807601e+00 3.193119950110470118e-01 1.500443383283143284e+01
5.399449762569071609e+00 3.523893944427780589e-01 2.089218997818477064e+01
4.387374058254234654e+00 3.085159612367694981e-01 2.704993488156138781e+01
4.897734280885251756e+00 3.327411509531552070e-01 1.450790314654472546e+01
4.841335739016769502e+00 3.294094202290045459e-01 1.686295698048823510e+01
5.378718530911031692e+00 3.536926220218856165e-01 9.378125786547299114e+00
4.916532066694668579e+00 3.339423221248765672e-01 1.272736309929545229e+01
5.557099367511408872e+00 3.610212508392254271e-01 1.014331033017968764e+01
4.725469828402300898e+00 3.245883235439587788e-01 1.682961854135266577e+01
5.022800078487260400e+00 3.384039467645397203e-01 1.142689382089682759e+01
4.108224146944245092e+00 2.973888946142677625e-01 1.917963615044231318e+01
4.819298181458303354e+00 3.298754652554840017e-01 1.215103306978606490e+01
5.200490292558646921e+00 3.455822667978870055e-01 1.452115459679080978e+01
4.760800872807095629e+00 3.263271003673705040e-01 1.443350146780124987e+01
4.693574440538976766e+00 3.234765613820947960e-01 1.793656750505420305e+01
4.957033600372335869e+00 3.360574816179359714e-01 8.676887037027254834e+00
5.902344302726884706e+00 3.746734189317778574e-01 1.240472224719741945e+01
4.917472495019819867e+00 3.313924555752258416e-01 2.603918505565622610e+01
4.469990346411825577e+00 3.114621173540325638e-01 2.602252070180798427e+01
4.978702867419591449e+00 3.356119154516101766e-01 1.755133792349079158e+01
4.823192246191111643e+00 3.297961865189073527e-01 1.262955571380237885e+01
4.936457623913496739e+00 3.340949066289233826e-01 1.487119379556569676e+01
5.139044855918514898e+00 3.427261203664507816e-01 1.517823920413889738e+01
5.427233370909195997e+00 3.550264237773922416e-01 1.155543296400149700e+01
4.521785159481634508e+00 3.124216300601171947e-01 2.768214837359223068e+01
4.316378645442421558e+00 3.061989315252081068e-01 1.911415573759279951e+01
4.948529933569593808e+00 3.329527748326359116e-01 1.810523838428300536e+01
4.882048982430518436e+00 3.318658459445144038e-01 1.393976703318922894e+01
4.871144360265853734e+00 3.322095805089898546e-01 1.084034374172648718e+01
5.260058173316007668e+00 3.486117297925612202e-01 1.005873787066914637e+01
5.644524440144091493e+00 3.645597261229673869e-01 1.011212299898503986e+01
5.251497148078270172e+00 3.467853629688821826e-01 1.723310933343314133e+01
4.985444156897639090e+00 3.354263932507634549e-01 1.945211489776387737e+01
4.657781481618169295e+00 3.217760167832263152e-01 1.960547566862787505e+01
4.393918679341177302e+00 3.105618813942093159e-01 1.698019772711321096e+01
4.912144544419524195e+00 3.310004532780605468e-01 2.035817981684498790e+01
4.511417000349055684e+00 3.149646966806342596e-01 1.980740610990802608e+01
5.000868079745246497e+00 3.353814309360634294e-01 2.249800015991966617e+01
5.248350824433393846e+00 3.477270027395364393e-01 1.250566658200669679e+01
4.410711355472112238e+00 3.117272495086937378e-01 1.526807986478173618e+01
5.574150202131298748e+00 3.608244505795938362e-01 1.546248713335035596e+01
5.125750541603429689e+00 3.428936653717086780e-01 1.038133061560198378e+01
4.679399381537952429e+00 3.211864254687140652e-01 2.101622406562339762e+01
4.043442855610062558e+00 2.954869269065444892e-01 1.838066583400209097e+01
5.728208960537664041e+00 3.656067066040263325e-01 2.299351078204116305e+01
4.990721404349503842e+00 3.370254837866335507e-01 1.311873327666988764e+01
4.696311418506025070e+00 3.241484902969362647e-01 1.341285564039981004e+01
5.042939062383553050e+00 3.376877687142547102e-01 1.852094639196935333e+01
5.422187681021449102e+00 3.536381288990317340e-01 1.804461411256978920e+01
5.350936413750499554e+00 3.504088954576591308e-01 1.977560075127143335e+01
5.047227293038573315e+00 3.390724153162458232e-01 1.455747373106015274e+01
4.626154920079657451e+00 3.212253142276991213e-01 1.375919254278726100e+01
4.970194632725045913e+00 3.343892013463435342e-01 2.033271183276959704e+01
4.662916535967879028e+00 3.235811243480984367e-01 9.332748383336783249e+00
4.901198915210267515e+00 3.326175749740891696e-01 1.749084260404232438e+01
4.412447906116660157e+00 3.120823731249852684e-01 1.383429590623298644e+01
4.998090754241804490e+00 3.369992347741652683e-01 1.341280769908831871e+01
5.108585220747503541e+00 3.419136568280059518e-01 1.144034446413440520e+01
4.649306420856323285e+00 3.217109482311997226e-01 1.514366660794197550e+01
5.340808966152285286e+00 3.518784156652208228e-01 1.188798009886144058e+01
5.020492651125742611e+00 3.368862715564809318e-01 2.012674437211676803e+01
5.247272737040075796e+00 3.459346499830882049e-01 2.089505320608598282e+01
5.003036993471866367e+00 3.367301800716616667e-01 1.617027606727835121e+01
4.965117073444539564e+00 3.356123469099926426e-01 1.270083115230867854e+01
4.418809406025346220e+00 3.129875252369485050e-01 1.097419155591400575e+01
5.751729025584586985e+00 3.667734116685804624e-01 2.252342794033920725e+01
5.136118733621446886e+00 3.424990359301017251e-01 1.430230880928416504e+01
3.911234398918365329e+00 2.903577837417410379e-01 1.517742922597416211e+01
5.044111263183372884e+00 3.385941848129197518e-01 1.516492291693307592e+01
5.790659676566099812e+00 3.704234807211857494e-01 1.169767518436875164e+01
5.062262127410075863e+00 3.406095696225625580e-01 8.355964722937393674e+00
4.611255894184685289e+00 3.183017956567671947e-01 2.124705427757166731e+01
5.149600654428609481e+00 3.408191695420312861e-01 2.193790185649095292e+01
4.984826478940970418e+00 3.358667007174885311e-01 1.659267514985393532e+01
5.782696226241895054e+00 3.696612889385464951e-01 1.402148944861007074e+01
5.215213323562492675e+00 3.458075957585665106e-01 1.624397116909529615e+01
5.218862075398979172e+00 3.460497784877842875e-01 1.374837076544594616e+01
5.613345989365901900e+00 3.630361150032356266e-01 1.243400915009994989e+01
4.563885954206711837e+00 3.183117779142958237e-01 1.604824258249986357e+01
5.264400843134143138e+00 3.478937919800483280e-01 1.493359247122450917e+01
4.291315940353877423e+00 3.061064583929861693e-01 1.810994334692328422e+01
4.756134550097597113e+00 3.262951958955998544e-01 1.804994044804535847e+01
4.721582419909299944e+00 3.234407712103068988e-01 1.864837021502027881e+01
5.212647420059719039e+00 3.457712889609303453e-01 1.391136926657896744e+01
4.948781918471766517e+00 3.354019997812502374e-01 1.109397055509443497e+01
5.410670601782042510e+00 3.549067591804965782e-01 1.002668952038910177e+01
4.678331344382836932e+00 3.219662988303261808e-01 2.249737103902770485e+01
5.469763028267152549e+00 3.564329374762925107e-01 1.415016632840063693e+01
5.166138913164570745e+00 3.443585631388785262e-01 1.236939635226125311e+01
5.022199937809048720e+00 3.390267561166390164e-01 8.732384683428913164e+00
4.504462860866921048e+00 3.154353448495115231e-01 1.653187525018714865e+01
5.176343208727558931e+00 3.437658790621719862e-01 1.611155130899068411e+01
4.681621302465241996e+00 3.231506958182057132e-01 1.431223371172812087e+01
5.416261459754371899e+00 3.551609681050150180e-01 9.903201566889103802e+00
5.533529208922976395e+00 3.592664743208776046e-01 1.255230738868540286e+01
5.216352081067417323e+00 3.454997199472901181e-01 1.835119704736611013e+01
5.346985399887858037e+00 3.513443895171905473e-01 1.345990989910658620e+01
4.202583124956329463e+00 3.032464889254868901e-01 1.237756741493037893e+01
4.755780912163146468e+00 3.249544297954923833e-01 2.256351614737274147e+01
3.866067806319008149e+00 2.884378196250857451e-01 1.317700986697899168e+01
5.204325684942023855e+00 3.463805927808464857e-01 1.004024539942336958e+01
4.530720043912612738e+00 3.169463099148183693e-01 1.453387639972481082e+01
5.379902716696950193e+00 3.528995538221735839e-01 1.352831982381363041e+01
5.232808417718819882e+00 3.473288957265639465e-01 1.068079145606714064e+01
4.800342214084868608e+00 3.292725100565267460e-01 1.036434854191211308e+01
4.622418549123322506e+00 3.213080147752058191e-01 1.407477128728704230e+01
4.839271275451048737e+00 3.297424031389308841e-01 1.647881673304079797e+01
5.094799533704358119e+00 3.419131020911908014e-01 9.053839582136557596e+00
5.015574158981479513e+00 3.385931758355315013e-01 9.608950308847120425e+00
5.361240404277739735e+00 3.526258997595091982e-01 1.203451861557480917e+01
4.332532049751740111e+00 3.088143758174017872e-01 1.455657247927464581e+01
5.070631091334604434e+00 3.400478542380309666e-01 1.389278768874568115e+01
4.866447844482546969e+00 3.320269343865466238e-01 1.181634966631389894e+01
5.385587591547353448e+00 3.535786866461602673e-01 1.214064390997458887e+01
5.161630737291936555e+00 3.438468797452958192e-01 1.550777140624730954e+01
5.183778664371847533e+00 3.443596716947185943e-01 1.531838801950788032e+01
5.269577455412044920e+00 3.469260023129304704e-01 1.945775563399830332e+01
4.228629509745679194e+00 3.043625244533928464e-01 1.248009269929520393e+01
5.205326862696924017e+00 3.454216600522249103e-01 1.487092439217496320e+01
5.031517060775429151e+00 3.385135612089477108e-01 1.262437434714807516e+01
5.810322268541652235e+00 3.703236857630010648e-01 1.447089833931488378e+01
5.121213884693739615e+00 3.414417129156389064e-01 1.680849145821176904e+01
5.171035564983569977e+00 3.434330744152837567e-01 1.697646751114208996e+01
4.609648247696520151e+00 3.209688069173883274e-01 1.296293830002644931e+01
5.404371051916962543e+00 3.534217522446111981e-01 1.488684539886325453e+01
5.424538374981861644e+00 3.546135464724261555e-01 1.546891400350950185e+01
4.784811112359132146e+00 3.287609224146084697e-01 1.010975282863418556e+01
4.607617308906518439e+00 3.206778080536365483e-01 1.281868961677609065e+01
5.114164674207735573e+00 3.425106079716649377e-01 1.080568191258557853e+01
4.643891743348287804e+00 3.213169362547397268e-01 1.597192288683442030e+01
6.063458806178525506e+00 3.812418341139703348e-01 1.285867625358819133e+01
4.638751634952818392e+00 3.219556892134403103e-01 1.193029170619013968e+01
4.668632608652818483e+00 3.222674023687051581e-01 1.764788692125296521e+01
5.258960095738328455e+00 3.478897057270613491e-01 1.196703474350228369e+01
4.921227965419174843e+00 3.335668937248107424e-01 1.452949155981045415e+01
5.537092193684700625e+00 3.592585432181212846e-01 1.480032849465754730e+01
4.354122885216328065e+00 3.086000600029951135e-01 1.865934384186228101e+01
4.554792163717452880e+00 3.167681385376417968e-01 2.100409211966378464e+01
4.276084139370387227e+00 3.067777012671272785e-01 1.314829501742518580e+01
5.252182605556731332e+00 3.464176757351836167e-01 1.848699284438358603e+01
5.016493771382581457e+00 3.377281841525963113e-01 1.453261798737711530e+01
4.689140674846664858e+00 3.239497498021634558e-01 1.452694000671498031e+01
5.156334577223945281e+00 3.425431987859661742e-01 1.714533464686754627e+01
5.001235777449188902e+00 3.374264008501587364e-01 1.277819274367256241e+01
5.384616794948850149e+00 3.533285286547612203e-01 1.362862999752318949e+01
4.777294136155035176e+00 3.272694368535831178e-01 1.666082522836172330e+01
5.394369619363621915e+00 3.532575239520268640e-01 1.454899854821700167e+01
5.085850274210000244e+00 3.414987340885387024e-01 9.264847444333719650e+00
5.229960383988787598e+00 3.469987517968769475e-01 1.221209326895008473e+01
4.592184365378159328e+00 3.177364428756762060e-01 1.789079279808992240e+01
4.579407468059629949e+00 3.173798569219459798e-01 2.158301469280416640e+01
4.188360765753841974e+00 3.011054683178807090e-01 2.120577870368444806e+01
4.277190388581219693e+00 3.061156797111626027e-01 1.576947831527185073e+01
4.085519787837664119e+00 2.970469403630081606e-01 1.945230389656263270e+01
4.713881828065805912e+00 3.246590460036324344e-01 1.438999400916523541e+01
5.790443779043326522e+00 3.696604446406409061e-01 1.352022241313192197e+01
5.511927776725862316e+00 3.579287031787611317e-01 1.525044528039246394e+01
5.007246392105769495e+00 3.366865406210974299e-01 1.835275414892779366e+01
5.032195672293862998e+00 3.376144956183091961e-01 1.919922942361487372e+01
5.084044505725422880e+00 3.404855146078886730e-01 1.259205786260753257e+01
5.475776690250789613e+00 3.560919772582080700e-01 2.008793932220252998e+01
5.673383358681388877e+00 3.630867790317648391e-01 2.512503811602597992e+01
4.754254800072105880e+00 3.266462893936027956e-01 1.350647665052922974e+01
5.568161051423619057e+00 3.606605955754082493e-01 1.488759482791473410e+01
4.712878568101266374e+00 3.252868638601744133e-01 1.171638074634467053e+01
4.225570325828586604e+00 3.022150686353430316e-01 2.305502213295578429e+01
4.350393899044391333e+00 3.086477781242364937e-01 1.649321708276960052e+01
4.690221421199472829e+00 3.230842771516225786e-01 1.698193691406380523e+01
4.957629478938616607e+00 3.337738170051968711e-01 1.975881523051293698e+01
5.041471253259253160e+00 3.385730258614248478e-01 1.529522510349213960e+01
5.530085687167710873e+00 3.590499277038772252e-01 1.260107099382558005e+01
5.544921102661080958e+00 3.598322785045878214e-01 1.568778700055842812e+01
5.911806551946183319e+00 3.750924582665244311e-01 1.301543081765556309e+01
5.125841637772806436e+00 3.425757607135155314e-01 1.256235183298250568e+01
5.410390808353718661e+00 3.544320802451413899e-01 1.209534204125895762e+01
4.600284910443386721e+00 3.175239739083376422e-01 2.294414046098397009e+01
5.001917911949496975e+00 3.352609024155558948e-01 2.396486656209741994e+01
4.680770612559927102e+00 3.202558466020689054e-01 2.582791661102044145e+01
5.636295219331795892e+00 3.639181524487030139e-01 1.172734782271100684e+01
5.169027938988289606e+00 3.416875557863698898e-01 2.543881144140489070e+01
4.891651072371374198e+00 3.324134807723773122e-01 1.381002434176725657e+01
4.810225441771505572e+00 3.292998909866760027e-01 1.386992148512767287e+01
4.850497477646075417e+00 3.307681826010854254e-01 1.418103803568414456e+01
5.863330667374544447e+00 3.732164075922998481e-01 1.280467038378218803e+01
5.168602783236481812e+00 3.437871505051016130e-01 1.416419043321517179e+01
4.980816209108202663e+00 3.356086887937383967e-01 1.659871584511230935e+01
5.153187434224708596e+00 3.431177089661625601e-01 1.541783136136025512e+01
4.876372055230918434e+00 3.318175152372880299e-01 1.425533914472627295e+01
4.919272964383283764e+00 3.321861239627980633e-01 2.166553905040628081e+01
4.536124999992535045e+00 3.171211459629832419e-01 1.596102093800615940e+01
4.582262346239261319e+00 3.190815357581848200e-01 1.636061516623733425e+01
5.655278087591171676e+00 3.622958879127788911e-01 2.311837018484429507e+01
5.740177034361751751e+00 3.677191947172691044e-01 1.585002113915867383e+01
4.579539846633235101e+00 3.184774032629618667e-01 1.845391880235191095e+01
4.544997066485702675e+00 3.173917477669462306e-01 1.400184694840487509e+01
4.808354560983040038e+00 3.302928901886401092e-01 6.651991235172703298e+00
5.094738926989176520e+00 3.406711514795878193e-01 1.453257442457400117e+01
4.518891065636609916e+00 3.151597094282168054e-01 2.109416892509803532e+01
4.421412415116150463e+00 3.117279078883248844e-01 1.785199138534833807e+01
5.804368769026095443e+00 3.706256156135315782e-01 1.263138800190348476e+01
5.356499277342861021e+00 3.517091187756847814e-01 1.479101989176076160e+01
5.300526518031651868e+00 3.498400225103455718e-01 1.348091538762723651e+01
