1.211450471342195190e+00 8.443711029051704786e-01 1.196912932321883454e+04 3.477944177490215907e+02 1.695292640444000654e+03 2.829461434349623687e+03 5.864412798725013864e+00 6.133791451283264751e-01 7.429277531335233498e+00
1.848561025085896370e+00 8.845489673718618384e-01 5.541611120501476398e+04 4.803464627468586514e+03 1.510285971356358641e+04 7.074997143390083693e+03 5.919509591282843708e+00 6.315035332776726129e-01 1.296345458329524192e+01
1.876122952283444834e+00 8.140248326625905140e-01 1.785019361199597479e+05 5.851069015463978576e+04 -7.584793253798557271e+04 4.795373839668678556e+04 4.715277774942680189e+00 7.181514897589593716e-01 1.240986845358589896e+01
1.847260049981568342e+00 8.638841343881645818e-01 9.020915471037992393e+04 1.280255411705376355e+04 6.139398759051528759e+04 7.102829027846323697e+03 5.579594620581567632e+00 6.630944925724444605e-01 1.303307907693803713e+01
1.913179942446886495e+00 7.842005049858635779e-01 1.405943160964480376e+04 2.655228154000043901e+02 -1.069853535618239675e+03 1.813151040650229334e+03 4.623731770684764264e+00 5.649331268635623404e-01 1.932538793779620079e+01
1.766258556605268204e+00 8.369207268289152735e-01 1.364948147753044032e+04 2.919468721462855569e+02 1.563761254332915314e+03 2.046139805547727974e+03 5.636970183152818947e+00 6.038176553774212696e-01 1.449305777667176010e+01
1.436023631684537838e+00 8.095925013235343304e-01 2.627668419051338788e+04 1.274383506827567317e+03 -1.112794859194853962e+04 5.046115040416134434e+03 4.985590143902797422e+00 5.835471452370596390e-01 5.273899098208011615e+00
1.800199010569772495e+00 8.314852544606363693e-01 1.141310909233150778e+04 2.019812126739030589e+02 -4.236372695666211257e+03 1.864653412534505151e+03 5.564668873707319108e+00 6.012425232091989091e-01 1.085551423720090902e+01
1.710891207182083651e+00 8.100894008533828794e-01 1.295841717052345120e+04 2.700335714346048235e+02 -4.803775475947608697e+02 1.915907583331644901e+03 5.152125700170404166e+00 5.869513843830485023e-01 9.297095708936552683e+00
1.508303481138743241e+00 1.266728380310464308e+00 1.955582833042909333e+05 1.622239023716381926e+05 -7.865616622104076669e+04 1.214550394927799352e+05 5.159817049844829917e+00 1.482200278556622619e+00 1.086656481089736026e+01
